evaluations raw_y
1 -0.5032320049
3 -0.4986876724
6 -0.4905943864
8 -0.4857382815
10 -0.4851969494
11 -0.4773841315
13 -0.4747207560
16 -0.4680341491
17 -0.4672931318
19 -0.4612520145
21 -0.4588916843
23 -0.4562254010
29 -0.4547514064
32 -0.4505915877
33 -0.4400177495
41 -0.4385326726
42 -0.4353589038
45 -0.4341286136
48 -0.4318416775
49 -0.4268304536
50 -0.4223344422
63 -0.4216192881
65 -0.4177997308
68 -0.4148334291
71 -0.4103195415
73 -0.4096612869
76 -0.4084207533
83 -0.4083306360
98 -0.4046170898
100 -0.4042518312
106 -0.4029845702
110 -0.3991209624
117 -0.3957995049
118 -0.3912591380
122 -0.3908743019
132 -0.3828949665
133 -0.3817025363
134 -0.3801809980
135 -0.3770125471
142 -0.3693937149
154 -0.3693443282
180 -0.3591672136
185 -0.3536218843
191 -0.3487975186
223 -0.3486946802
230 -0.3483631062
240 -0.3453793067
261 -0.3435145037
282 -0.3409653172
299 -0.3402242999
321 -0.3402159147
361 -0.3383448955
381 -0.3375430545
390 -0.3362210389
407 -0.3299323404
414 -0.3258670756
423 -0.3210555441
441 -0.3209984813
517 -0.3192875858
561 -0.3185465684
636 -0.3175455281
707 -0.3174191226
713 -0.3170044772
766 -0.3153555440
812 -0.3148754240
885 -0.3142588417
924 -0.3093273431
1694 -0.3092095356
2152 -0.3038503398
10773 -0.3032214501
11097 -0.2993433776
25480 -0.2980173797
28504 -0.2950691225
63636 -0.2935538622
100000 -0.2935538622
evaluations raw_y
1 -0.5413894362
2 -0.5324435725
3 -0.5115747261
7 -0.5043542797
8 -0.4957270738
12 -0.4938250184
20 -0.4933595985
23 -0.4912965656
24 -0.4870793631
27 -0.4783799445
33 -0.4733819041
36 -0.4645641611
43 -0.4607998687
44 -0.4503817850
46 -0.4499016650
51 -0.4478062477
59 -0.4411159334
65 -0.4403536356
69 -0.4304353371
71 -0.4274515376
86 -0.4163510319
89 -0.4157430231
91 -0.4133216402
97 -0.4111393995
101 -0.4099117092
111 -0.4079663180
113 -0.4071644770
121 -0.4069658975
133 -0.4031471037
144 -0.4014157413
148 -0.3979884567
149 -0.3962170776
150 -0.3901397373
163 -0.3877185871
168 -0.3864780535
184 -0.3780843795
195 -0.3767836443
196 -0.3744758939
203 -0.3721344384
206 -0.3693790952
216 -0.3693707100
242 -0.3655511526
251 -0.3588887005
262 -0.3581264027
272 -0.3551334210
299 -0.3544798559
303 -0.3508977778
311 -0.3502811956
322 -0.3471384833
335 -0.3444893725
374 -0.3438358074
474 -0.3434211620
492 -0.3430338097
533 -0.3390377915
556 -0.3389807287
606 -0.3385799147
619 -0.3383817460
632 -0.3371412123
811 -0.3327892311
828 -0.3317881908
853 -0.3281237900
869 -0.3280667272
914 -0.3274501449
949 -0.3271185709
3353 -0.3241703138
8942 -0.3240863109
9246 -0.3206460217
10642 -0.3182336862
10765 -0.3125356471
20641 -0.3124178396
20786 -0.3070586439
42295 -0.3062844009
42348 -0.3055433835
42823 -0.3049144938
62442 -0.3048492919
62775 -0.3035884959
100000 -0.3035884959
evaluations raw_y
1 -0.5171615151
2 -0.5108908086
5 -0.5011703718
9 -0.4944800575
11 -0.4903928361
12 -0.4901266962
16 -0.4899815385
18 -0.4876212084
28 -0.4853632785
32 -0.4841923522
33 -0.4763065826
37 -0.4641935883
38 -0.4615273050
46 -0.4585019581
48 -0.4577238665
54 -0.4478055680
58 -0.4279502761
62 -0.4241090930
71 -0.4224227810
74 -0.4186485216
76 -0.4152536951
83 -0.4143257002
84 -0.4130954100
86 -0.4109056348
87 -0.4086261864
89 -0.4025890419
101 -0.4017961965
112 -0.4017645975
116 -0.3999616451
118 -0.3932366080
122 -0.3924585164
126 -0.3870993206
142 -0.3869729152
144 -0.3863146606
149 -0.3837525854
170 -0.3750129563
177 -0.3685613249
194 -0.3640474373
202 -0.3592025826
212 -0.3566140988
216 -0.3524945521
272 -0.3524861670
280 -0.3465322866
312 -0.3460521666
332 -0.3457205926
383 -0.3449582948
400 -0.3448313729
416 -0.3390441044
439 -0.3345302168
458 -0.3318760867
459 -0.3311350694
491 -0.3285729942
499 -0.3270985601
557 -0.3146170649
578 -0.3140787799
585 -0.3123678844
624 -0.3117086732
654 -0.3113668441
681 -0.3090504067
696 -0.3060509721
909 -0.3045769776
1000 -0.3040968576
1190 -0.3034802753
1263 -0.3017088963
4047 -0.2982311680
10794 -0.2969051701
12419 -0.2950664852
100000 -0.2950664852
evaluations raw_y
1 -0.5343342956
9 -0.5328492187
12 -0.5318645017
13 -0.5296593873
21 -0.5290011327
24 -0.5235780904
31 -0.5226261921
32 -0.5212419381
33 -0.5147278795
34 -0.5116907822
35 -0.5082112277
41 -0.5015209133
43 -0.4980673093
53 -0.4916062160
55 -0.4829727818
58 -0.4824926618
61 -0.4776811303
65 -0.4722529427
71 -0.4673393733
72 -0.4632403782
74 -0.4462959589
77 -0.4436554330
82 -0.4408336677
90 -0.4393596731
95 -0.4375352614
98 -0.4253896304
100 -0.4197665242
102 -0.4134496907
103 -0.4116467383
105 -0.4110768544
115 -0.4043518173
117 -0.4035279145
128 -0.3970762831
130 -0.3945270967
131 -0.3883229380
133 -0.3826514680
134 -0.3772343466
180 -0.3686827104
185 -0.3651956529
191 -0.3604222653
199 -0.3600746130
207 -0.3596348837
211 -0.3590183015
220 -0.3540650390
230 -0.3533240216
243 -0.3488887445
252 -0.3481412041
303 -0.3424431651
310 -0.3420285197
333 -0.3366322134
337 -0.3361924842
379 -0.3334294928
431 -0.3316053526
469 -0.3303445566
471 -0.3301772293
512 -0.3246515173
601 -0.3208874243
629 -0.3147923770
652 -0.3121382470
693 -0.3116917295
876 -0.3063720936
1036 -0.3060405196
1158 -0.3055603996
1189 -0.3055520145
5990 -0.3054342069
6069 -0.3000750112
34961 -0.2992862506
35467 -0.2980147423
71157 -0.2950664852
100000 -0.3111708497
evaluations raw_y
1 -0.4879374097
3 -0.4771850817
6 -0.4613635384
8 -0.4598325620
15 -0.4548785735
16 -0.4390167137
20 -0.4287217056
26 -0.4220225607
27 -0.4130849437
35 -0.4059687432
37 -0.3994104614
39 -0.3976880308
41 -0.3934223006
45 -0.3885087312
59 -0.3883165498
65 -0.3867950114
68 -0.3832129334
71 -0.3799078270
84 -0.3780451928
96 -0.3712857493
112 -0.3664408946
117 -0.3633932296
120 -0.3626971788
161 -0.3589174318
164 -0.3589090466
173 -0.3527048879
191 -0.3494467607
202 -0.3490542556
213 -0.3475441114
221 -0.3448807358
257 -0.3427271783
266 -0.3423125330
307 -0.3406016375
309 -0.3374908482
325 -0.3315490496
341 -0.3296780304
342 -0.3199575935
356 -0.3165173044
361 -0.3157762870
388 -0.3104170912
400 -0.3063518264
442 -0.3055499854
466 -0.3036697752
486 -0.3026687348
563 -0.3014282012
762 -0.3002357711
781 -0.2996191888
1179 -0.2991390688
3413 -0.2976238085
27458 -0.2962978106
45957 -0.2928200823
100000 -0.3234270033
evaluations raw_y
1 -0.5039637453
4 -0.5018217637
7 -0.4963235783
8 -0.4874443840
9 -0.4871025548
11 -0.4863007138
17 -0.4797754436
22 -0.4663444792
25 -0.4590619967
39 -0.4579834690
49 -0.4553949852
50 -0.4515163557
51 -0.4439784540
54 -0.4364574803
58 -0.4334345377
66 -0.4326542794
68 -0.4277227808
69 -0.4270267300
85 -0.4231765062
108 -0.4196894486
111 -0.4103597209
124 -0.4036613577
128 -0.3972837144
132 -0.3971991746
133 -0.3923876432
138 -0.3827262296
145 -0.3821096474
161 -0.3778567018
163 -0.3727549888
170 -0.3723403434
187 -0.3705162032
189 -0.3681472551
207 -0.3663600817
217 -0.3609692994
224 -0.3601795643
227 -0.3583162790
235 -0.3579016336
241 -0.3576354937
244 -0.3566654751
282 -0.3563173499
286 -0.3468213635
290 -0.3457612642
292 -0.3457528790
324 -0.3455782814
334 -0.3424674922
349 -0.3402095623
356 -0.3380870298
401 -0.3370780179
402 -0.3307024761
426 -0.3298741645
447 -0.3279552580
462 -0.3250108853
510 -0.3226638729
555 -0.3165688257
562 -0.3163548456
583 -0.3125644136
677 -0.3106063344
772 -0.3071660452
1130 -0.3053630928
1136 -0.2986727784
1191 -0.2979767276
2377 -0.2967464374
10068 -0.2959087929
10232 -0.2949077525
14507 -0.2933924922
49257 -0.2920664943
100000 -0.3328454594
evaluations raw_y
1 -0.4947019830
7 -0.4889843457
12 -0.4843796867
18 -0.4763832537
23 -0.4714685633
28 -0.4682104361
33 -0.4674694187
34 -0.4674200320
38 -0.4639797428
41 -0.4623628636
42 -0.4563217464
49 -0.4556581410
54 -0.4533786926
56 -0.4529342642
75 -0.4476146284
80 -0.4424562497
84 -0.4400489907
91 -0.4214265610
101 -0.4183977646
105 -0.4166304763
109 -0.4153632153
123 -0.4136523198
124 -0.4107190772
135 -0.4031981035
151 -0.3957693668
153 -0.3916495444
157 -0.3913195053
166 -0.3869977738
167 -0.3789752272
174 -0.3714148169
195 -0.3679520582
218 -0.3571343580
241 -0.3553607254
242 -0.3540862068
271 -0.3535564640
300 -0.3528604132
304 -0.3516301230
331 -0.3493829917
336 -0.3459557071
382 -0.3357189145
390 -0.3350059108
403 -0.3346579537
408 -0.3340413715
483 -0.3278535741
486 -0.3257668433
656 -0.3239675149
662 -0.3234377721
718 -0.3224367318
800 -0.3174143495
803 -0.3130623683
811 -0.3124116896
888 -0.3117951073
1100 -0.3113149873
1196 -0.3113066022
1286 -0.3071358927
1367 -0.3022350566
1712 -0.3015814915
19269 -0.3009526017
23657 -0.3000927287
23875 -0.2998858191
23950 -0.2968148653
23990 -0.2960220198
24192 -0.2959649570
36053 -0.2956478105
36235 -0.2941262721
100000 -0.2941262721
evaluations raw_y
1 -0.4778464471
2 -0.4759754279
5 -0.4617389369
6 -0.4559516684
14 -0.4442359955
16 -0.4441673145
17 -0.4374770002
30 -0.4314868439
33 -0.4207782361
56 -0.4184512586
59 -0.4078834393
70 -0.4034001418
71 -0.3982778296
78 -0.3976242646
92 -0.3972926905
100 -0.3932396095
116 -0.3925435587
135 -0.3915588417
136 -0.3911749145
142 -0.3848862160
146 -0.3779893278
157 -0.3680710293
158 -0.3673300119
161 -0.3643346294
164 -0.3595230979
174 -0.3520943613
206 -0.3441448232
240 -0.3408946024
247 -0.3333567007
260 -0.3262849002
266 -0.3255438828
307 -0.3255354977
351 -0.3202158619
389 -0.3152618733
402 -0.3124702620
418 -0.3098817781
441 -0.3076023297
550 -0.3049481997
608 -0.3037179095
757 -0.3013575793
3646 -0.3000315814
43354 -0.2965538531
100000 -0.2965538531
evaluations raw_y
1 -0.4656866322
7 -0.4600478654
9 -0.4503740552
11 -0.4484662152
13 -0.4446026074
16 -0.4406840226
22 -0.4384045742
27 -0.4379828499
30 -0.4326037110
31 -0.4276225838
35 -0.4250733974
37 -0.4229508649
47 -0.4175600825
64 -0.4137696505
73 -0.4129915589
77 -0.4057711125
100 -0.4043011748
106 -0.4031653947
123 -0.4031570096
135 -0.3986431220
138 -0.3921097189
148 -0.3877812963
152 -0.3843017418
154 -0.3813228129
163 -0.3788767861
167 -0.3785452121
168 -0.3732363362
185 -0.3708551476
187 -0.3681840970
208 -0.3661210640
216 -0.3660377341
224 -0.3629664555
225 -0.3560278082
226 -0.3552655104
227 -0.3519753066
234 -0.3434612842
266 -0.3373662370
281 -0.3368861170
289 -0.3306819583
300 -0.3281198831
324 -0.3268526221
329 -0.3241984921
376 -0.3212055104
391 -0.3209607929
495 -0.3191578405
545 -0.3170948075
703 -0.3160857957
709 -0.3140255268
983 -0.3127952366
1844 -0.3098469795
6942 -0.3095848228
6968 -0.3083317192
14582 -0.3028547159
100000 -0.3036328075
evaluations raw_y
1 -0.5365117180
2 -0.5323034935
3 -0.5313661078
4 -0.5281158870
6 -0.5274576324
7 -0.5258086991
9 -0.5201106601
11 -0.5150994362
12 -0.5016684718
21 -0.4953804196
24 -0.4854658635
33 -0.4744306005
35 -0.4721726706
36 -0.4634179361
40 -0.4615100960
42 -0.4603652542
43 -0.4580575038
52 -0.4557780554
66 -0.4552081714
76 -0.4494967043
77 -0.4354504604
78 -0.4294049308
81 -0.4248910432
95 -0.4215500431
98 -0.4108072672
111 -0.4075065351
117 -0.3965019856
119 -0.3914743639
128 -0.3832249838
148 -0.3817509892
150 -0.3787033243
151 -0.3740758331
153 -0.3723649376
161 -0.3717113725
162 -0.3664691145
204 -0.3650978722
236 -0.3632920720
248 -0.3585186845
249 -0.3579889418
252 -0.3522864576
281 -0.3488087293
282 -0.3476550227
296 -0.3402780053
338 -0.3345603681
358 -0.3300160356
365 -0.3290070238
367 -0.3286062097
400 -0.3253856067
408 -0.3236747112
451 -0.3224444210
503 -0.3190041318
516 -0.3177635982
520 -0.3149384176
541 -0.3060592233
788 -0.3019635563
950 -0.3013469740
1011 -0.3000264114
20013 -0.2970720033
20085 -0.2965021193
59632 -0.2935538622
100000 -0.2935538622
