evaluations raw_y
1 1.0000000000
4 2.0000000000
9 3.0000000000
10 4.0000000000
17 6.0000000000
126 7.0000000000
244 8.0000000000
471 10.0000000000
582 12.0000000000
3179 13.0000000000
32970 16.0000000000
33956 17.0000000000
96516 18.0000000000
100000 0.0000000000
evaluations raw_y
1 2.0000000000
2 3.0000000000
30 6.0000000000
140 9.0000000000
1267 11.0000000000
1284 13.0000000000
29925 16.0000000000
100000 1.0000000000
evaluations raw_y
1 1.0000000000
3 3.0000000000
6 4.0000000000
27 5.0000000000
153 7.0000000000
330 8.0000000000
758 9.0000000000
2310 12.0000000000
7516 13.0000000000
17501 14.0000000000
29627 15.0000000000
71924 22.0000000000
100000 0.0000000000
evaluations raw_y
1 0.0000000000
2 3.0000000000
90 4.0000000000
230 5.0000000000
284 6.0000000000
467 7.0000000000
527 8.0000000000
814 11.0000000000
2093 12.0000000000
16109 21.0000000000
100000 0.0000000000
evaluations raw_y
1 0.0000000000
3 2.0000000000
4 4.0000000000
39 5.0000000000
192 6.0000000000
247 7.0000000000
847 9.0000000000
3233 11.0000000000
6782 12.0000000000
8884 13.0000000000
35791 14.0000000000
59121 23.0000000000
100000 0.0000000000
evaluations raw_y
1 0.0000000000
2 1.0000000000
11 2.0000000000
23 5.0000000000
53 6.0000000000
348 8.0000000000
575 10.0000000000
1108 14.0000000000
39325 17.0000000000
51866 18.0000000000
100000 0.0000000000
evaluations raw_y
1 5.0000000000
67 6.0000000000
162 8.0000000000
477 9.0000000000
923 11.0000000000
3892 14.0000000000
4401 15.0000000000
35872 17.0000000000
52751 19.0000000000
100000 0.0000000000
evaluations raw_y
1 1.0000000000
3 2.0000000000
6 3.0000000000
20 6.0000000000
404 7.0000000000
499 8.0000000000
1428 9.0000000000
1796 11.0000000000
17150 12.0000000000
33734 19.0000000000
100000 0.0000000000
evaluations raw_y
1 0.0000000000
3 1.0000000000
4 5.0000000000
267 7.0000000000
591 9.0000000000
1099 11.0000000000
4638 12.0000000000
30282 13.0000000000
53863 14.0000000000
65422 17.0000000000
100000 3.0000000000
evaluations raw_y
1 0.0000000000
2 1.0000000000
5 4.0000000000
14 5.0000000000
214 7.0000000000
400 8.0000000000
714 9.0000000000
1386 10.0000000000
5887 11.0000000000
9431 16.0000000000
100000 1.0000000000
evaluations raw_y
1 0.0000000000
2 2.0000000000
6 3.0000000000
8 5.0000000000
22 6.0000000000
72 7.0000000000
235 13.0000000000
597 14.0000000000
6925 16.0000000000
100000 0.0000000000
evaluations raw_y
1 0.0000000000
2 3.0000000000
15 5.0000000000
182 7.0000000000
720 8.0000000000
857 9.0000000000
1940 10.0000000000
5751 11.0000000000
9598 13.0000000000
20877 14.0000000000
47331 16.0000000000
52510 18.0000000000
77399 19.0000000000
100000 0.0000000000
evaluations raw_y
1 0.0000000000
2 4.0000000000
25 10.0000000000
1424 12.0000000000
2875 14.0000000000
21238 15.0000000000
76637 16.0000000000
100000 0.0000000000
evaluations raw_y
1 1.0000000000
4 2.0000000000
12 6.0000000000
78 7.0000000000
243 8.0000000000
374 9.0000000000
640 10.0000000000
4381 11.0000000000
8728 13.0000000000
20416 14.0000000000
86356 15.0000000000
100000 1.0000000000
evaluations raw_y
1 2.0000000000
17 5.0000000000
102 7.0000000000
325 12.0000000000
2932 14.0000000000
7258 15.0000000000
55786 17.0000000000
100000 0.0000000000
evaluations raw_y
1 1.0000000000
4 2.0000000000
40 3.0000000000
45 4.0000000000
58 5.0000000000
69 7.0000000000
860 10.0000000000
3851 11.0000000000
6512 12.0000000000
39700 13.0000000000
42618 14.0000000000
86496 15.0000000000
100000 1.0000000000
evaluations raw_y
1 2.0000000000
3 3.0000000000
20 6.0000000000
131 8.0000000000
270 10.0000000000
812 11.0000000000
10089 14.0000000000
68271 17.0000000000
100000 0.0000000000
evaluations raw_y
1 0.0000000000
5 1.0000000000
6 5.0000000000
41 6.0000000000
171 7.0000000000
804 10.0000000000
9432 11.0000000000
18504 12.0000000000
19247 13.0000000000
22806 14.0000000000
73408 16.0000000000
100000 0.0000000000
evaluations raw_y
1 6.0000000000
4 7.0000000000
340 8.0000000000
482 9.0000000000
3418 10.0000000000
4512 14.0000000000
12301 16.0000000000
12975 17.0000000000
100000 2.0000000000
evaluations raw_y
1 2.0000000000
5 4.0000000000
22 7.0000000000
453 8.0000000000
815 13.0000000000
2838 15.0000000000
3406 17.0000000000
100000 0.0000000000
evaluations raw_y
1 0.0000000000
2 1.0000000000
4 2.0000000000
15 3.0000000000
18 5.0000000000
77 6.0000000000
80 12.0000000000
14777 13.0000000000
44345 15.0000000000
60060 16.0000000000
100000 0.0000000000
evaluations raw_y
1 0.0000000000
3 6.0000000000
125 7.0000000000
225 11.0000000000
3566 13.0000000000
4705 14.0000000000
100000 0.0000000000
evaluations raw_y
1 0.0000000000
2 1.0000000000
3 2.0000000000
5 3.0000000000
12 4.0000000000
64 6.0000000000
131 7.0000000000
412 15.0000000000
79871 16.0000000000
100000 1.0000000000
evaluations raw_y
1 4.0000000000
5 6.0000000000
102 7.0000000000
141 9.0000000000
419 11.0000000000
6512 13.0000000000
7595 15.0000000000
12083 18.0000000000
100000 0.0000000000
evaluations raw_y
1 2.0000000000
2 5.0000000000
139 6.0000000000
273 7.0000000000
628 8.0000000000
775 9.0000000000
2379 10.0000000000
4968 11.0000000000
5016 12.0000000000
8287 13.0000000000
13669 14.0000000000
100000 0.0000000000
evaluations raw_y
1 0.0000000000
5 6.0000000000
10 7.0000000000
149 9.0000000000
473 14.0000000000
9670 17.0000000000
100000 0.0000000000
evaluations raw_y
1 2.0000000000
11 4.0000000000
12 8.0000000000
43 9.0000000000
2001 10.0000000000
4772 11.0000000000
5040 14.0000000000
7327 17.0000000000
99335 21.0000000000
100000 3.0000000000
evaluations raw_y
1 1.0000000000
6 2.0000000000
7 4.0000000000
46 5.0000000000
119 9.0000000000
824 10.0000000000
1884 11.0000000000
6922 15.0000000000
100000 0.0000000000
evaluations raw_y
1 0.0000000000
2 1.0000000000
11 3.0000000000
77 5.0000000000
92 6.0000000000
372 7.0000000000
421 9.0000000000
3302 13.0000000000
48601 15.0000000000
62905 18.0000000000
100000 2.0000000000
evaluations raw_y
1 1.0000000000
15 3.0000000000
24 4.0000000000
31 6.0000000000
177 8.0000000000
1104 10.0000000000
5844 11.0000000000
9535 13.0000000000
22163 15.0000000000
44368 17.0000000000
100000 0.0000000000
evaluations raw_y
1 3.0000000000
52 4.0000000000
61 5.0000000000
64 11.0000000000
3493 12.0000000000
6658 13.0000000000
23041 16.0000000000
100000 0.0000000000
evaluations raw_y
1 2.0000000000
14 3.0000000000
60 5.0000000000
74 12.0000000000
320 16.0000000000
77983 17.0000000000
100000 0.0000000000
evaluations raw_y
1 0.0000000000
7 2.0000000000
11 4.0000000000
78 7.0000000000
419 12.0000000000
12553 15.0000000000
100000 2.0000000000
evaluations raw_y
1 0.0000000000
2 1.0000000000
3 2.0000000000
9 3.0000000000
12 4.0000000000
43 7.0000000000
236 8.0000000000
409 13.0000000000
2409 14.0000000000
13079 15.0000000000
38274 16.0000000000
52790 20.0000000000
100000 0.0000000000
evaluations raw_y
1 1.0000000000
5 7.0000000000
52 10.0000000000
374 12.0000000000
8116 14.0000000000
36209 17.0000000000
93110 18.0000000000
100000 1.0000000000
evaluations raw_y
1 0.0000000000
2 1.0000000000
13 2.0000000000
17 3.0000000000
38 5.0000000000
62 10.0000000000
886 11.0000000000
3176 12.0000000000
5932 17.0000000000
53741 18.0000000000
100000 4.0000000000
evaluations raw_y
1 0.0000000000
2 5.0000000000
77 6.0000000000
477 7.0000000000
522 8.0000000000
578 9.0000000000
1459 10.0000000000
2297 11.0000000000
4018 13.0000000000
4824 15.0000000000
56675 16.0000000000
100000 2.0000000000
evaluations raw_y
1 0.0000000000
5 2.0000000000
8 4.0000000000
33 7.0000000000
197 9.0000000000
1605 10.0000000000
2202 11.0000000000
6519 12.0000000000
8977 13.0000000000
48987 14.0000000000
100000 3.0000000000
evaluations raw_y
1 2.0000000000
29 9.0000000000
197 11.0000000000
2198 13.0000000000
8048 14.0000000000
38549 15.0000000000
68978 18.0000000000
100000 1.0000000000
evaluations raw_y
1 0.0000000000
2 3.0000000000
19 6.0000000000
74 8.0000000000
76 12.0000000000
274 13.0000000000
26409 16.0000000000
100000 3.0000000000
evaluations raw_y
1 0.0000000000
3 1.0000000000
5 2.0000000000
12 3.0000000000
50 5.0000000000
62 6.0000000000
527 8.0000000000
586 9.0000000000
937 10.0000000000
3308 14.0000000000
71479 17.0000000000
100000 3.0000000000
evaluations raw_y
1 0.0000000000
3 3.0000000000
8 4.0000000000
20 5.0000000000
56 6.0000000000
580 7.0000000000
1560 13.0000000000
22473 15.0000000000
100000 2.0000000000
evaluations raw_y
1 0.0000000000
5 1.0000000000
6 3.0000000000
10 4.0000000000
13 5.0000000000
38 14.0000000000
38064 16.0000000000
100000 3.0000000000
evaluations raw_y
1 0.0000000000
2 1.0000000000
6 3.0000000000
24 4.0000000000
64 8.0000000000
906 11.0000000000
1371 13.0000000000
2620 14.0000000000
18224 17.0000000000
96327 18.0000000000
100000 2.0000000000
evaluations raw_y
1 1.0000000000
6 2.0000000000
15 6.0000000000
30 7.0000000000
131 8.0000000000
417 9.0000000000
6378 10.0000000000
6483 14.0000000000
100000 1.0000000000
evaluations raw_y
1 1.0000000000
2 6.0000000000
72 7.0000000000
584 11.0000000000
6571 12.0000000000
11535 15.0000000000
35216 16.0000000000
60996 17.0000000000
100000 5.0000000000
evaluations raw_y
1 0.0000000000
3 1.0000000000
8 4.0000000000
33 5.0000000000
138 6.0000000000
375 7.0000000000
472 8.0000000000
1511 12.0000000000
11796 15.0000000000
17212 16.0000000000
100000 2.0000000000
evaluations raw_y
1 1.0000000000
7 3.0000000000
19 7.0000000000
275 11.0000000000
2248 12.0000000000
31016 14.0000000000
76281 16.0000000000
100000 0.0000000000
evaluations raw_y
1 0.0000000000
4 1.0000000000
6 2.0000000000
10 3.0000000000
32 5.0000000000
180 7.0000000000
1028 9.0000000000
1454 13.0000000000
2368 15.0000000000
43027 17.0000000000
100000 1.0000000000
evaluations raw_y
1 0.0000000000
2 1.0000000000
7 2.0000000000
8 3.0000000000
20 4.0000000000
80 5.0000000000
112 10.0000000000
9874 11.0000000000
13672 13.0000000000
24443 15.0000000000
83204 20.0000000000
100000 1.0000000000
evaluations raw_y
1 2.0000000000
4 4.0000000000
6 7.0000000000
222 13.0000000000
2998 14.0000000000
58436 17.0000000000
63198 19.0000000000
100000 0.0000000000
evaluations raw_y
1 0.0000000000
5 1.0000000000
7 3.0000000000
60 6.0000000000
146 7.0000000000
1297 9.0000000000
1361 10.0000000000
4642 13.0000000000
13654 14.0000000000
24687 15.0000000000
29193 16.0000000000
100000 4.0000000000
evaluations raw_y
1 5.0000000000
16 6.0000000000
191 7.0000000000
824 9.0000000000
1627 10.0000000000
2139 11.0000000000
3098 12.0000000000
9721 13.0000000000
11987 14.0000000000
38386 16.0000000000
100000 0.0000000000
evaluations raw_y
1 1.0000000000
3 3.0000000000
6 4.0000000000
21 7.0000000000
200 8.0000000000
469 10.0000000000
4747 13.0000000000
6458 15.0000000000
17373 20.0000000000
100000 1.0000000000
evaluations raw_y
1 1.0000000000
7 2.0000000000
12 3.0000000000
24 6.0000000000
151 9.0000000000
1321 11.0000000000
28675 12.0000000000
32003 15.0000000000
55118 22.0000000000
100000 2.0000000000
evaluations raw_y
1 0.0000000000
4 1.0000000000
9 2.0000000000
11 5.0000000000
61 6.0000000000
84 7.0000000000
303 9.0000000000
352 10.0000000000
3317 12.0000000000
4465 15.0000000000
100000 1.0000000000
evaluations raw_y
1 2.0000000000
5 4.0000000000
21 6.0000000000
128 8.0000000000
367 10.0000000000
3417 11.0000000000
4605 15.0000000000
100000 3.0000000000
evaluations raw_y
1 0.0000000000
2 3.0000000000
22 7.0000000000
375 8.0000000000
833 10.0000000000
1352 11.0000000000
2567 12.0000000000
27083 13.0000000000
36651 18.0000000000
100000 2.0000000000
evaluations raw_y
1 0.0000000000
3 4.0000000000
17 5.0000000000
43 6.0000000000
635 7.0000000000
715 10.0000000000
1674 14.0000000000
2608 16.0000000000
5300 19.0000000000
100000 2.0000000000
evaluations raw_y
1 0.0000000000
2 1.0000000000
11 2.0000000000
14 4.0000000000
21 5.0000000000
126 8.0000000000
673 11.0000000000
2476 12.0000000000
15245 14.0000000000
20400 18.0000000000
100000 0.0000000000
evaluations raw_y
1 0.0000000000
2 1.0000000000
5 2.0000000000
16 6.0000000000
301 7.0000000000
331 8.0000000000
1488 10.0000000000
1689 13.0000000000
32487 14.0000000000
61152 18.0000000000
100000 0.0000000000
evaluations raw_y
1 3.0000000000
6 9.0000000000
430 10.0000000000
1300 13.0000000000
15311 16.0000000000
66882 17.0000000000
100000 1.0000000000
evaluations raw_y
1 0.0000000000
10 2.0000000000
13 4.0000000000
61 6.0000000000
428 9.0000000000
1333 12.0000000000
1388 13.0000000000
20743 15.0000000000
26129 17.0000000000
100000 2.0000000000
evaluations raw_y
1 1.0000000000
7 2.0000000000
10 4.0000000000
15 6.0000000000
49 8.0000000000
1854 9.0000000000
2205 10.0000000000
3482 12.0000000000
4338 13.0000000000
13391 15.0000000000
22939 17.0000000000
69430 20.0000000000
100000 2.0000000000
evaluations raw_y
1 0.0000000000
5 1.0000000000
7 3.0000000000
23 7.0000000000
30 8.0000000000
129 9.0000000000
2290 11.0000000000
4860 13.0000000000
17968 15.0000000000
28206 20.0000000000
100000 3.0000000000
evaluations raw_y
1 0.0000000000
2 1.0000000000
5 5.0000000000
33 7.0000000000
112 8.0000000000
755 10.0000000000
4587 13.0000000000
38350 15.0000000000
86380 16.0000000000
100000 3.0000000000
evaluations raw_y
1 0.0000000000
2 2.0000000000
10 4.0000000000
41 6.0000000000
299 8.0000000000
790 9.0000000000
2236 10.0000000000
4355 11.0000000000
5858 12.0000000000
12394 14.0000000000
44045 18.0000000000
100000 0.0000000000
evaluations raw_y
1 0.0000000000
2 1.0000000000
3 2.0000000000
9 4.0000000000
44 5.0000000000
102 7.0000000000
911 11.0000000000
9084 12.0000000000
11879 13.0000000000
24104 14.0000000000
57823 15.0000000000
61960 16.0000000000
100000 1.0000000000
evaluations raw_y
1 0.0000000000
3 1.0000000000
9 4.0000000000
77 6.0000000000
116 7.0000000000
339 10.0000000000
2706 13.0000000000
3208 14.0000000000
40645 16.0000000000
100000 0.0000000000
evaluations raw_y
1 0.0000000000
2 2.0000000000
9 3.0000000000
19 5.0000000000
53 6.0000000000
115 11.0000000000
6401 13.0000000000
16973 15.0000000000
33130 16.0000000000
78962 21.0000000000
100000 2.0000000000
evaluations raw_y
1 2.0000000000
6 10.0000000000
12 11.0000000000
594 16.0000000000
14713 20.0000000000
100000 0.0000000000
evaluations raw_y
1 1.0000000000
3 2.0000000000
8 3.0000000000
45 6.0000000000
143 7.0000000000
619 9.0000000000
975 11.0000000000
1139 12.0000000000
3084 16.0000000000
58039 17.0000000000
100000 0.0000000000
evaluations raw_y
1 2.0000000000
26 4.0000000000
45 5.0000000000
51 6.0000000000
60 9.0000000000
826 13.0000000000
1404 14.0000000000
18722 15.0000000000
50631 16.0000000000
68744 17.0000000000
100000 2.0000000000
evaluations raw_y
1 0.0000000000
2 2.0000000000
3 5.0000000000
121 7.0000000000
341 12.0000000000
27551 14.0000000000
87043 15.0000000000
100000 5.0000000000
evaluations raw_y
1 0.0000000000
3 10.0000000000
511 16.0000000000
13154 17.0000000000
100000 1.0000000000
evaluations raw_y
1 0.0000000000
3 3.0000000000
6 4.0000000000
105 5.0000000000
342 6.0000000000
560 7.0000000000
593 8.0000000000
762 10.0000000000
4698 11.0000000000
8681 17.0000000000
100000 2.0000000000
evaluations raw_y
1 3.0000000000
32 4.0000000000
40 8.0000000000
618 10.0000000000
684 13.0000000000
43571 15.0000000000
100000 0.0000000000
evaluations raw_y
1 0.0000000000
3 1.0000000000
13 2.0000000000
18 4.0000000000
160 5.0000000000
184 7.0000000000
358 8.0000000000
595 9.0000000000
2205 11.0000000000
5836 12.0000000000
6524 15.0000000000
100000 0.0000000000
evaluations raw_y
1 0.0000000000
3 1.0000000000
5 2.0000000000
6 6.0000000000
56 7.0000000000
352 10.0000000000
3175 13.0000000000
34584 14.0000000000
38117 16.0000000000
100000 2.0000000000
evaluations raw_y
1 0.0000000000
3 1.0000000000
8 5.0000000000
68 6.0000000000
297 9.0000000000
874 10.0000000000
2059 12.0000000000
4394 13.0000000000
15749 20.0000000000
91331 21.0000000000
100000 0.0000000000
evaluations raw_y
1 1.0000000000
4 5.0000000000
5 8.0000000000
30 14.0000000000
48492 16.0000000000
100000 0.0000000000
evaluations raw_y
1 0.0000000000
3 2.0000000000
13 3.0000000000
54 4.0000000000
101 6.0000000000
120 8.0000000000
906 13.0000000000
2054 16.0000000000
7450 17.0000000000
67548 23.0000000000
100000 0.0000000000
evaluations raw_y
1 0.0000000000
3 1.0000000000
4 6.0000000000
59 7.0000000000
776 8.0000000000
1358 9.0000000000
2646 10.0000000000
6604 13.0000000000
39525 14.0000000000
73301 15.0000000000
100000 2.0000000000
evaluations raw_y
1 2.0000000000
10 6.0000000000
239 10.0000000000
2304 11.0000000000
2592 15.0000000000
74075 16.0000000000
100000 0.0000000000
evaluations raw_y
1 3.0000000000
23 7.0000000000
67 9.0000000000
287 11.0000000000
6413 13.0000000000
28108 14.0000000000
32121 17.0000000000
100000 1.0000000000
evaluations raw_y
1 0.0000000000
2 1.0000000000
6 2.0000000000
7 4.0000000000
11 5.0000000000
134 6.0000000000
339 7.0000000000
364 8.0000000000
2071 11.0000000000
4588 12.0000000000
11007 16.0000000000
100000 4.0000000000
evaluations raw_y
1 0.0000000000
2 1.0000000000
15 5.0000000000
65 9.0000000000
2379 14.0000000000
26954 16.0000000000
100000 0.0000000000
evaluations raw_y
1 1.0000000000
5 7.0000000000
164 11.0000000000
2213 13.0000000000
2590 14.0000000000
10672 23.0000000000
100000 0.0000000000
evaluations raw_y
1 2.0000000000
5 6.0000000000
58 7.0000000000
102 8.0000000000
969 9.0000000000
1071 10.0000000000
2736 11.0000000000
2879 12.0000000000
3146 13.0000000000
3823 15.0000000000
42609 18.0000000000
100000 2.0000000000
evaluations raw_y
1 0.0000000000
3 3.0000000000
6 4.0000000000
16 5.0000000000
20 7.0000000000
135 9.0000000000
1327 11.0000000000
1720 19.0000000000
100000 0.0000000000
evaluations raw_y
1 3.0000000000
25 5.0000000000
37 8.0000000000
97 9.0000000000
2428 10.0000000000
5591 11.0000000000
9926 14.0000000000
45185 16.0000000000
77667 18.0000000000
100000 1.0000000000
evaluations raw_y
1 0.0000000000
5 2.0000000000
11 3.0000000000
21 4.0000000000
94 5.0000000000
202 8.0000000000
818 10.0000000000
3435 12.0000000000
6013 14.0000000000
15313 15.0000000000
48553 19.0000000000
100000 4.0000000000
evaluations raw_y
1 1.0000000000
3 8.0000000000
879 9.0000000000
1221 11.0000000000
3783 12.0000000000
12694 13.0000000000
16258 15.0000000000
65814 17.0000000000
100000 0.0000000000
evaluations raw_y
1 2.0000000000
22 3.0000000000
25 5.0000000000
46 8.0000000000
180 9.0000000000
589 11.0000000000
4215 12.0000000000
16386 13.0000000000
23416 14.0000000000
25062 20.0000000000
100000 0.0000000000
evaluations raw_y
1 7.0000000000
151 8.0000000000
201 9.0000000000
246 11.0000000000
277 15.0000000000
47847 18.0000000000
100000 1.0000000000
evaluations raw_y
1 5.0000000000
12 8.0000000000
588 10.0000000000
922 14.0000000000
67544 15.0000000000
100000 0.0000000000
evaluations raw_y
1 1.0000000000
11 3.0000000000
37 4.0000000000
103 5.0000000000
219 8.0000000000
262 11.0000000000
12147 14.0000000000
43543 17.0000000000
100000 1.0000000000
evaluations raw_y
1 2.0000000000
7 4.0000000000
38 5.0000000000
104 6.0000000000
343 8.0000000000
1043 9.0000000000
2116 11.0000000000
6763 12.0000000000
17530 13.0000000000
23030 14.0000000000
100000 0.0000000000
evaluations raw_y
1 1.0000000000
9 2.0000000000
10 3.0000000000
49 4.0000000000
65 5.0000000000
73 7.0000000000
215 14.0000000000
57693 18.0000000000
99821 20.0000000000
100000 4.0000000000
evaluations raw_y
1 0.0000000000
2 1.0000000000
8 2.0000000000
10 4.0000000000
43 10.0000000000
2016 11.0000000000
2132 12.0000000000
10323 14.0000000000
12042 15.0000000000
73117 16.0000000000
84353 18.0000000000
100000 1.0000000000
