evaluations raw_y
1 2495.0000000000
5 2555.0000000000
9 2585.0000000000
11 2658.0000000000
14 2674.0000000000
16 2717.0000000000
17 2801.0000000000
20 2828.0000000000
22 2936.0000000000
27 2962.0000000000
36 3060.0000000000
48 3073.0000000000
49 3151.0000000000
51 3190.0000000000
53 3261.0000000000
56 3354.0000000000
59 3388.0000000000
61 3436.0000000000
66 3508.0000000000
70 3608.0000000000
89 3670.0000000000
92 3760.0000000000
107 3786.0000000000
116 3805.0000000000
119 3846.0000000000
127 3911.0000000000
135 4020.0000000000
144 4039.0000000000
145 4043.0000000000
155 4083.0000000000
157 4103.0000000000
163 4161.0000000000
166 4174.0000000000
185 4199.0000000000
191 4255.0000000000
226 4305.0000000000
235 4378.0000000000
251 4492.0000000000
255 4544.0000000000
260 4597.0000000000
262 4615.0000000000
275 4657.0000000000
291 4695.0000000000
302 4761.0000000000
372 4830.0000000000
380 4835.0000000000
463 4836.0000000000
485 4872.0000000000
596 4888.0000000000
660 4904.0000000000
728 4908.0000000000
751 4953.0000000000
860 5042.0000000000
1622 5050.0000000000
evaluations raw_y
1 2732.0000000000
5 2800.0000000000
8 2936.0000000000
15 2973.0000000000
18 3050.0000000000
21 3078.0000000000
23 3243.0000000000
27 3299.0000000000
32 3304.0000000000
34 3337.0000000000
35 3479.0000000000
36 3515.0000000000
41 3568.0000000000
62 3589.0000000000
76 3595.0000000000
82 3638.0000000000
83 3647.0000000000
89 3652.0000000000
93 3684.0000000000
94 3739.0000000000
99 3789.0000000000
102 3825.0000000000
126 3842.0000000000
131 3896.0000000000
134 3906.0000000000
156 3924.0000000000
158 3966.0000000000
161 4047.0000000000
168 4066.0000000000
170 4105.0000000000
175 4121.0000000000
180 4215.0000000000
192 4296.0000000000
198 4365.0000000000
209 4369.0000000000
258 4449.0000000000
279 4495.0000000000
283 4526.0000000000
320 4601.0000000000
340 4641.0000000000
347 4706.0000000000
393 4722.0000000000
395 4731.0000000000
398 4795.0000000000
455 4843.0000000000
493 4865.0000000000
551 4870.0000000000
597 4897.0000000000
612 4929.0000000000
722 4960.0000000000
751 5036.0000000000
1006 5050.0000000000
evaluations raw_y
1 2366.0000000000
3 2377.0000000000
7 2418.0000000000
13 2503.0000000000
14 2554.0000000000
15 2576.0000000000
19 2633.0000000000
22 2654.0000000000
24 2695.0000000000
25 2756.0000000000
26 2832.0000000000
37 2911.0000000000
43 3029.0000000000
44 3052.0000000000
45 3084.0000000000
53 3148.0000000000
56 3194.0000000000
70 3225.0000000000
76 3271.0000000000
77 3324.0000000000
83 3353.0000000000
85 3378.0000000000
89 3417.0000000000
96 3545.0000000000
102 3581.0000000000
113 3626.0000000000
115 3665.0000000000
117 3683.0000000000
123 3738.0000000000
126 3773.0000000000
127 3778.0000000000
136 3857.0000000000
158 3953.0000000000
162 3969.0000000000
168 4060.0000000000
180 4086.0000000000
182 4088.0000000000
190 4131.0000000000
192 4181.0000000000
197 4276.0000000000
204 4282.0000000000
205 4297.0000000000
208 4324.0000000000
229 4344.0000000000
238 4347.0000000000
241 4396.0000000000
270 4483.0000000000
284 4542.0000000000
288 4548.0000000000
292 4549.0000000000
295 4582.0000000000
297 4613.0000000000
308 4683.0000000000
356 4721.0000000000
367 4740.0000000000
376 4778.0000000000
380 4832.0000000000
385 4850.0000000000
405 4879.0000000000
442 4898.0000000000
473 4901.0000000000
501 4927.0000000000
525 4938.0000000000
678 4996.0000000000
697 5026.0000000000
746 5031.0000000000
890 5045.0000000000
922 5050.0000000000
evaluations raw_y
1 2618.0000000000
4 2712.0000000000
6 2731.0000000000
9 2790.0000000000
16 2823.0000000000
17 2883.0000000000
19 3033.0000000000
25 3065.0000000000
32 3135.0000000000
38 3225.0000000000
43 3307.0000000000
47 3392.0000000000
50 3400.0000000000
52 3456.0000000000
53 3536.0000000000
54 3540.0000000000
58 3577.0000000000
67 3596.0000000000
69 3665.0000000000
71 3808.0000000000
72 3827.0000000000
93 3895.0000000000
94 3983.0000000000
99 4012.0000000000
114 4101.0000000000
133 4155.0000000000
139 4161.0000000000
149 4220.0000000000
157 4284.0000000000
160 4412.0000000000
161 4483.0000000000
165 4490.0000000000
177 4534.0000000000
179 4587.0000000000
203 4617.0000000000
234 4620.0000000000
269 4648.0000000000
286 4682.0000000000
292 4767.0000000000
294 4791.0000000000
306 4819.0000000000
330 4827.0000000000
361 4843.0000000000
367 4865.0000000000
401 4906.0000000000
404 4925.0000000000
480 4952.0000000000
502 4953.0000000000
565 4994.0000000000
648 5042.0000000000
827 5050.0000000000
evaluations raw_y
1 2345.0000000000
6 2423.0000000000
7 2528.0000000000
11 2595.0000000000
17 2604.0000000000
24 2617.0000000000
25 2641.0000000000
29 2648.0000000000
31 2787.0000000000
32 2884.0000000000
36 2934.0000000000
39 3023.0000000000
46 3045.0000000000
50 3078.0000000000
53 3237.0000000000
57 3250.0000000000
59 3269.0000000000
78 3343.0000000000
80 3369.0000000000
84 3401.0000000000
87 3439.0000000000
94 3532.0000000000
97 3548.0000000000
103 3631.0000000000
117 3701.0000000000
121 3780.0000000000
122 3857.0000000000
124 3866.0000000000
129 3869.0000000000
145 3875.0000000000
148 3916.0000000000
158 4005.0000000000
172 4049.0000000000
180 4090.0000000000
187 4112.0000000000
196 4258.0000000000
216 4291.0000000000
235 4353.0000000000
237 4358.0000000000
278 4434.0000000000
288 4505.0000000000
290 4545.0000000000
338 4592.0000000000
341 4604.0000000000
392 4605.0000000000
411 4620.0000000000
430 4744.0000000000
441 4756.0000000000
445 4795.0000000000
448 4805.0000000000
456 4851.0000000000
515 4923.0000000000
558 4935.0000000000
609 4957.0000000000
669 4964.0000000000
918 4968.0000000000
1018 4972.0000000000
1083 4981.0000000000
1117 5050.0000000000
evaluations raw_y
1 3019.0000000000
2 3083.0000000000
6 3094.0000000000
9 3167.0000000000
11 3200.0000000000
14 3276.0000000000
15 3338.0000000000
17 3401.0000000000
18 3486.0000000000
24 3586.0000000000
31 3618.0000000000
33 3647.0000000000
34 3666.0000000000
48 3712.0000000000
50 3752.0000000000
51 3798.0000000000
64 3810.0000000000
65 3846.0000000000
72 3908.0000000000
73 3990.0000000000
82 4072.0000000000
84 4081.0000000000
90 4097.0000000000
92 4122.0000000000
99 4206.0000000000
100 4283.0000000000
111 4381.0000000000
125 4468.0000000000
128 4474.0000000000
130 4522.0000000000
134 4538.0000000000
138 4588.0000000000
139 4607.0000000000
155 4649.0000000000
157 4672.0000000000
158 4712.0000000000
175 4736.0000000000
227 4747.0000000000
238 4766.0000000000
253 4792.0000000000
254 4893.0000000000
262 4914.0000000000
270 4931.0000000000
474 4939.0000000000
492 4951.0000000000
546 4998.0000000000
610 5035.0000000000
898 5040.0000000000
999 5050.0000000000
evaluations raw_y
1 2410.0000000000
5 2429.0000000000
7 2454.0000000000
10 2458.0000000000
11 2531.0000000000
13 2609.0000000000
15 2707.0000000000
16 2766.0000000000
18 2938.0000000000
23 2968.0000000000
24 3058.0000000000
28 3094.0000000000
33 3105.0000000000
36 3154.0000000000
39 3184.0000000000
40 3311.0000000000
45 3485.0000000000
49 3486.0000000000
51 3557.0000000000
53 3566.0000000000
67 3605.0000000000
68 3689.0000000000
70 3735.0000000000
77 3737.0000000000
83 3744.0000000000
88 3767.0000000000
91 3768.0000000000
119 3795.0000000000
123 3823.0000000000
133 3852.0000000000
134 3867.0000000000
136 3964.0000000000
154 3992.0000000000
177 4010.0000000000
178 4021.0000000000
184 4046.0000000000
189 4129.0000000000
214 4164.0000000000
218 4198.0000000000
225 4209.0000000000
231 4283.0000000000
234 4378.0000000000
239 4514.0000000000
242 4569.0000000000
246 4637.0000000000
261 4717.0000000000
305 4743.0000000000
410 4746.0000000000
425 4766.0000000000
432 4818.0000000000
462 4832.0000000000
533 4845.0000000000
560 4871.0000000000
564 4902.0000000000
597 4949.0000000000
625 4969.0000000000
719 5030.0000000000
832 5044.0000000000
900 5050.0000000000
evaluations raw_y
1 2753.0000000000
4 2764.0000000000
7 2859.0000000000
10 2890.0000000000
11 2935.0000000000
21 2989.0000000000
26 3049.0000000000
30 3087.0000000000
32 3183.0000000000
37 3418.0000000000
39 3466.0000000000
41 3507.0000000000
44 3573.0000000000
46 3594.0000000000
50 3607.0000000000
67 3675.0000000000
68 3695.0000000000
69 3697.0000000000
70 3756.0000000000
71 3883.0000000000
73 3980.0000000000
80 4023.0000000000
82 4051.0000000000
84 4057.0000000000
89 4088.0000000000
102 4102.0000000000
114 4218.0000000000
117 4236.0000000000
126 4308.0000000000
133 4402.0000000000
144 4452.0000000000
162 4496.0000000000
167 4530.0000000000
169 4595.0000000000
176 4653.0000000000
199 4693.0000000000
224 4723.0000000000
256 4724.0000000000
257 4791.0000000000
281 4810.0000000000
288 4836.0000000000
311 4882.0000000000
316 4890.0000000000
354 4905.0000000000
369 4929.0000000000
420 4936.0000000000
469 4944.0000000000
502 4957.0000000000
517 4981.0000000000
557 5016.0000000000
732 5050.0000000000
evaluations raw_y
1 2517.0000000000
3 2640.0000000000
8 2678.0000000000
9 2814.0000000000
15 2865.0000000000
21 2932.0000000000
23 3018.0000000000
25 3026.0000000000
26 3038.0000000000
31 3063.0000000000
32 3133.0000000000
33 3164.0000000000
35 3168.0000000000
36 3180.0000000000
42 3221.0000000000
44 3280.0000000000
49 3343.0000000000
54 3439.0000000000
56 3476.0000000000
57 3515.0000000000
59 3575.0000000000
63 3634.0000000000
71 3674.0000000000
81 3690.0000000000
82 3737.0000000000
84 3768.0000000000
100 3839.0000000000
106 3865.0000000000
109 3870.0000000000
116 3897.0000000000
117 3898.0000000000
119 3908.0000000000
120 3937.0000000000
149 3953.0000000000
156 4007.0000000000
161 4116.0000000000
165 4145.0000000000
173 4221.0000000000
179 4238.0000000000
188 4272.0000000000
192 4330.0000000000
212 4363.0000000000
214 4440.0000000000
224 4446.0000000000
233 4519.0000000000
262 4520.0000000000
265 4547.0000000000
289 4590.0000000000
302 4618.0000000000
358 4657.0000000000
359 4672.0000000000
365 4710.0000000000
380 4712.0000000000
386 4757.0000000000
407 4792.0000000000
428 4883.0000000000
438 4912.0000000000
469 4956.0000000000
474 4983.0000000000
492 5002.0000000000
595 5026.0000000000
752 5038.0000000000
777 5041.0000000000
966 5050.0000000000
evaluations raw_y
1 2066.0000000000
2 2106.0000000000
4 2187.0000000000
5 2227.0000000000
7 2246.0000000000
14 2307.0000000000
19 2412.0000000000
20 2419.0000000000
22 2534.0000000000
24 2624.0000000000
25 2729.0000000000
29 2756.0000000000
37 2803.0000000000
39 2887.0000000000
42 2956.0000000000
43 3023.0000000000
53 3024.0000000000
59 3137.0000000000
61 3186.0000000000
63 3279.0000000000
70 3311.0000000000
72 3385.0000000000
75 3471.0000000000
85 3472.0000000000
87 3510.0000000000
88 3513.0000000000
90 3585.0000000000
93 3604.0000000000
95 3641.0000000000
100 3646.0000000000
102 3724.0000000000
110 3745.0000000000
112 3793.0000000000
115 3857.0000000000
124 3897.0000000000
125 3970.0000000000
130 4013.0000000000
138 4082.0000000000
140 4111.0000000000
143 4152.0000000000
152 4163.0000000000
155 4217.0000000000
165 4311.0000000000
178 4317.0000000000
182 4355.0000000000
200 4363.0000000000
226 4455.0000000000
228 4474.0000000000
230 4493.0000000000
254 4516.0000000000
267 4517.0000000000
275 4520.0000000000
293 4620.0000000000
302 4650.0000000000
364 4708.0000000000
366 4742.0000000000
368 4802.0000000000
378 4835.0000000000
399 4842.0000000000
409 4858.0000000000
422 4926.0000000000
540 4936.0000000000
591 4952.0000000000
604 4961.0000000000
667 4982.0000000000
742 4984.0000000000
893 4998.0000000000
925 5025.0000000000
934 5029.0000000000
1359 5035.0000000000
1439 5050.0000000000
