evaluations raw_y
1 1914.0000000000
2 2550.0000000000
6 2798.0000000000
15 2908.0000000000
20 2913.0000000000
24 3107.0000000000
57 3147.0000000000
163 3333.0000000000
206 3356.0000000000
250 3411.0000000000
1371 3523.0000000000
7043 3526.0000000000
9672 3601.0000000000
21998 3611.0000000000
30637 3700.0000000000
50647 3708.0000000000
100000 3122.0000000000
evaluations raw_y
1 2350.0000000000
2 2372.0000000000
4 2878.0000000000
19 3180.0000000000
123 3314.0000000000
574 3369.0000000000
1486 3454.0000000000
6539 3501.0000000000
7000 3707.0000000000
35600 3731.0000000000
100000 3018.0000000000
evaluations raw_y
1 2686.0000000000
8 3027.0000000000
53 3099.0000000000
83 3185.0000000000
178 3340.0000000000
259 3462.0000000000
695 3500.0000000000
5880 3549.0000000000
17057 3735.0000000000
100000 2946.0000000000
evaluations raw_y
1 2064.0000000000
2 2665.0000000000
5 2726.0000000000
8 2875.0000000000
11 3050.0000000000
32 3153.0000000000
38 3237.0000000000
117 3401.0000000000
1356 3458.0000000000
2449 3476.0000000000
2455 3762.0000000000
100000 2369.0000000000
evaluations raw_y
1 2602.0000000000
2 3072.0000000000
23 3098.0000000000
124 3168.0000000000
129 3243.0000000000
154 3322.0000000000
805 3441.0000000000
4751 3488.0000000000
9460 3633.0000000000
13248 3659.0000000000
21969 3839.0000000000
79290 3843.0000000000
100000 2979.0000000000
evaluations raw_y
1 2479.0000000000
4 2597.0000000000
5 2748.0000000000
10 2904.0000000000
12 2975.0000000000
53 3126.0000000000
110 3136.0000000000
138 3260.0000000000
191 3299.0000000000
528 3310.0000000000
1001 3462.0000000000
2712 3482.0000000000
3034 3491.0000000000
4090 3570.0000000000
5276 3681.0000000000
72851 3703.0000000000
100000 2727.0000000000
evaluations raw_y
1 2561.0000000000
2 2581.0000000000
5 2948.0000000000
12 3047.0000000000
30 3365.0000000000
133 3498.0000000000
5856 3525.0000000000
8346 3542.0000000000
12278 3592.0000000000
20083 3642.0000000000
62467 3671.0000000000
100000 2576.0000000000
evaluations raw_y
1 2261.0000000000
3 2369.0000000000
4 2995.0000000000
12 3140.0000000000
92 3196.0000000000
114 3376.0000000000
462 3475.0000000000
2588 3577.0000000000
26184 3597.0000000000
58348 3759.0000000000
100000 2182.0000000000
evaluations raw_y
1 1929.0000000000
2 2864.0000000000
4 3094.0000000000
61 3116.0000000000
370 3235.0000000000
412 3264.0000000000
476 3365.0000000000
586 3392.0000000000
2179 3455.0000000000
4653 3502.0000000000
8585 3679.0000000000
33625 3835.0000000000
100000 2727.0000000000
evaluations raw_y
1 2487.0000000000
2 2693.0000000000
3 2990.0000000000
10 2996.0000000000
11 3141.0000000000
50 3359.0000000000
207 3418.0000000000
1874 3440.0000000000
4165 3609.0000000000
11053 3684.0000000000
18599 3766.0000000000
100000 2572.0000000000
evaluations raw_y
1 2588.0000000000
2 2853.0000000000
3 3067.0000000000
82 3212.0000000000
267 3231.0000000000
353 3459.0000000000
1043 3517.0000000000
1403 3701.0000000000
33700 3710.0000000000
85810 3718.0000000000
100000 2751.0000000000
evaluations raw_y
1 2710.0000000000
3 2948.0000000000
42 3174.0000000000
98 3207.0000000000
234 3252.0000000000
421 3305.0000000000
535 3322.0000000000
1030 3341.0000000000
1096 3621.0000000000
4558 3644.0000000000
45284 3774.0000000000
100000 2135.0000000000
evaluations raw_y
1 2868.0000000000
7 3087.0000000000
22 3305.0000000000
135 3314.0000000000
194 3321.0000000000
324 3459.0000000000
454 3469.0000000000
868 3682.0000000000
80269 3716.0000000000
100000 3124.0000000000
evaluations raw_y
1 3103.0000000000
57 3150.0000000000
131 3173.0000000000
138 3174.0000000000
181 3224.0000000000
216 3303.0000000000
610 3623.0000000000
32673 3859.0000000000
100000 2119.0000000000
evaluations raw_y
1 2432.0000000000
2 2757.0000000000
4 2872.0000000000
14 2890.0000000000
21 3039.0000000000
62 3113.0000000000
105 3180.0000000000
149 3414.0000000000
1230 3415.0000000000
2727 3445.0000000000
4277 3515.0000000000
8867 3557.0000000000
12256 3575.0000000000
12785 3714.0000000000
27850 3818.0000000000
79949 3913.0000000000
100000 1933.0000000000
evaluations raw_y
1 2806.0000000000
3 2809.0000000000
10 3005.0000000000
29 3120.0000000000
39 3416.0000000000
726 3685.0000000000
17135 3750.0000000000
100000 2372.0000000000
evaluations raw_y
1 2816.0000000000
11 2848.0000000000
22 2939.0000000000
25 2958.0000000000
33 3121.0000000000
147 3138.0000000000
216 3211.0000000000
269 3254.0000000000
409 3584.0000000000
3590 3586.0000000000
9598 3678.0000000000
13405 3813.0000000000
100000 2663.0000000000
evaluations raw_y
1 2667.0000000000
2 2739.0000000000
9 2989.0000000000
31 3034.0000000000
44 3586.0000000000
653 3598.0000000000
5439 3650.0000000000
8015 3686.0000000000
100000 2412.0000000000
evaluations raw_y
1 2565.0000000000
4 2617.0000000000
5 3010.0000000000
20 3084.0000000000
29 3162.0000000000
66 3182.0000000000
254 3276.0000000000
617 3277.0000000000
627 3294.0000000000
1089 3308.0000000000
1678 3314.0000000000
1973 3351.0000000000
2770 3407.0000000000
2994 3487.0000000000
7767 3525.0000000000
12218 3540.0000000000
13696 3570.0000000000
15308 3575.0000000000
16273 3585.0000000000
38750 3787.0000000000
100000 2386.0000000000
evaluations raw_y
1 2410.0000000000
2 2573.0000000000
3 2877.0000000000
5 3122.0000000000
17 3195.0000000000
84 3412.0000000000
2186 3488.0000000000
7198 3642.0000000000
48987 3651.0000000000
100000 2442.0000000000
evaluations raw_y
1 2383.0000000000
3 2558.0000000000
6 2674.0000000000
12 2820.0000000000
28 2893.0000000000
31 3103.0000000000
37 3283.0000000000
46 3291.0000000000
135 3339.0000000000
1371 3397.0000000000
6104 3418.0000000000
7251 3465.0000000000
9122 3471.0000000000
10914 3474.0000000000
13744 3726.0000000000
54135 3837.0000000000
100000 2629.0000000000
evaluations raw_y
1 2113.0000000000
2 2223.0000000000
3 2467.0000000000
4 2663.0000000000
7 2685.0000000000
10 2799.0000000000
12 2927.0000000000
15 2952.0000000000
24 3137.0000000000
221 3139.0000000000
239 3284.0000000000
503 3604.0000000000
15600 3732.0000000000
100000 2853.0000000000
evaluations raw_y
1 3017.0000000000
32 3041.0000000000
94 3050.0000000000
110 3124.0000000000
160 3160.0000000000
197 3213.0000000000
243 3249.0000000000
313 3365.0000000000
349 3584.0000000000
14494 3725.0000000000
100000 2267.0000000000
evaluations raw_y
1 2113.0000000000
2 2355.0000000000
3 2535.0000000000
6 2799.0000000000
15 2846.0000000000
30 2861.0000000000
40 3083.0000000000
47 3238.0000000000
175 3315.0000000000
388 3335.0000000000
412 3379.0000000000
504 3393.0000000000
1250 3632.0000000000
23350 3685.0000000000
46551 3729.0000000000
87341 3773.0000000000
100000 2641.0000000000
evaluations raw_y
1 2659.0000000000
2 2661.0000000000
7 2747.0000000000
10 2754.0000000000
13 2940.0000000000
14 3216.0000000000
155 3342.0000000000
316 3391.0000000000
634 3484.0000000000
2115 3504.0000000000
8351 3569.0000000000
20935 3585.0000000000
20967 3597.0000000000
23693 3607.0000000000
25238 3786.0000000000
100000 3046.0000000000
evaluations raw_y
1 2144.0000000000
3 2893.0000000000
23 3025.0000000000
34 3030.0000000000
47 3158.0000000000
51 3214.0000000000
103 3341.0000000000
382 3495.0000000000
1459 3518.0000000000
1473 3605.0000000000
4701 3665.0000000000
55505 3817.0000000000
100000 2831.0000000000
evaluations raw_y
1 2566.0000000000
2 2934.0000000000
10 3057.0000000000
89 3214.0000000000
360 3315.0000000000
433 3397.0000000000
1335 3425.0000000000
3686 3468.0000000000
4041 3471.0000000000
5978 3500.0000000000
7124 3566.0000000000
42710 3575.0000000000
48231 3694.0000000000
60713 3791.0000000000
85215 3864.0000000000
100000 2898.0000000000
evaluations raw_y
1 2875.0000000000
14 2971.0000000000
18 3107.0000000000
95 3116.0000000000
146 3150.0000000000
199 3162.0000000000
208 3182.0000000000
229 3439.0000000000
425 3498.0000000000
2094 3620.0000000000
4842 3677.0000000000
70962 3693.0000000000
100000 2243.0000000000
evaluations raw_y
1 2906.0000000000
20 2924.0000000000
34 2929.0000000000
55 2973.0000000000
99 3145.0000000000
107 3216.0000000000
237 3232.0000000000
273 3491.0000000000
8629 3504.0000000000
12701 3548.0000000000
21451 3554.0000000000
26863 3565.0000000000
29937 3593.0000000000
61746 3755.0000000000
100000 2938.0000000000
evaluations raw_y
1 2445.0000000000
2 2529.0000000000
4 2748.0000000000
6 2797.0000000000
14 2827.0000000000
19 3010.0000000000
32 3047.0000000000
40 3120.0000000000
78 3209.0000000000
227 3256.0000000000
318 3371.0000000000
452 3457.0000000000
1308 3512.0000000000
2692 3519.0000000000
8930 3559.0000000000
11721 3574.0000000000
15973 3684.0000000000
19369 3769.0000000000
100000 2262.0000000000
evaluations raw_y
1 2765.0000000000
3 2781.0000000000
4 2932.0000000000
5 2970.0000000000
10 3167.0000000000
162 3357.0000000000
597 3435.0000000000
1860 3684.0000000000
97287 3712.0000000000
100000 2378.0000000000
evaluations raw_y
1 2305.0000000000
2 2898.0000000000
16 2933.0000000000
21 3064.0000000000
94 3363.0000000000
1385 3483.0000000000
3882 3504.0000000000
12987 3606.0000000000
25465 3617.0000000000
28475 3713.0000000000
47357 3775.0000000000
100000 2815.0000000000
evaluations raw_y
1 2480.0000000000
2 2525.0000000000
7 2647.0000000000
8 2804.0000000000
10 2816.0000000000
13 2883.0000000000
17 2910.0000000000
23 2917.0000000000
29 3225.0000000000
110 3286.0000000000
135 3427.0000000000
1436 3461.0000000000
13266 3672.0000000000
21658 3729.0000000000
72625 3793.0000000000
100000 2182.0000000000
evaluations raw_y
1 2485.0000000000
3 2938.0000000000
19 3142.0000000000
36 3319.0000000000
924 3458.0000000000
1194 3496.0000000000
6775 3523.0000000000
7014 3621.0000000000
8888 3650.0000000000
32838 3688.0000000000
57335 3746.0000000000
100000 2261.0000000000
evaluations raw_y
1 2711.0000000000
3 2793.0000000000
8 2822.0000000000
20 3408.0000000000
521 3482.0000000000
1844 3557.0000000000
4365 3645.0000000000
28173 3721.0000000000
100000 2350.0000000000
evaluations raw_y
1 2726.0000000000
2 2754.0000000000
11 2808.0000000000
14 2821.0000000000
16 2918.0000000000
19 3005.0000000000
37 3029.0000000000
44 3037.0000000000
50 3107.0000000000
59 3196.0000000000
246 3251.0000000000
307 3308.0000000000
1529 3316.0000000000
1661 3350.0000000000
1783 3405.0000000000
2006 3406.0000000000
3591 3486.0000000000
3883 3496.0000000000
6685 3550.0000000000
11671 3822.0000000000
100000 2559.0000000000
evaluations raw_y
1 2759.0000000000
7 3004.0000000000
20 3185.0000000000
166 3339.0000000000
597 3489.0000000000
1575 3558.0000000000
21060 3620.0000000000
38866 3633.0000000000
50147 3636.0000000000
67711 3642.0000000000
72639 3786.0000000000
99211 3916.0000000000
100000 2805.0000000000
evaluations raw_y
1 2716.0000000000
2 3017.0000000000
9 3117.0000000000
14 3133.0000000000
38 3259.0000000000
102 3290.0000000000
113 3398.0000000000
399 3501.0000000000
6530 3530.0000000000
8812 3725.0000000000
100000 2692.0000000000
evaluations raw_y
1 1985.0000000000
2 2426.0000000000
3 2826.0000000000
12 2879.0000000000
14 2922.0000000000
15 3133.0000000000
31 3200.0000000000
45 3202.0000000000
194 3207.0000000000
296 3227.0000000000
332 3326.0000000000
392 3478.0000000000
920 3600.0000000000
4003 3646.0000000000
52176 3672.0000000000
83681 3788.0000000000
100000 2610.0000000000
evaluations raw_y
1 2056.0000000000
2 2594.0000000000
9 2899.0000000000
16 2951.0000000000
47 2969.0000000000
59 3074.0000000000
95 3092.0000000000
122 3101.0000000000
161 3155.0000000000
299 3453.0000000000
1853 3569.0000000000
4639 3594.0000000000
10265 3638.0000000000
25148 3719.0000000000
100000 2920.0000000000
evaluations raw_y
1 2310.0000000000
4 2400.0000000000
5 2558.0000000000
6 2851.0000000000
23 2966.0000000000
27 3032.0000000000
80 3139.0000000000
103 3157.0000000000
125 3159.0000000000
471 3174.0000000000
503 3281.0000000000
758 3287.0000000000
1010 3305.0000000000
1253 3331.0000000000
2059 3496.0000000000
3479 3713.0000000000
46480 3745.0000000000
100000 2341.0000000000
evaluations raw_y
1 2091.0000000000
2 2953.0000000000
33 2976.0000000000
35 3182.0000000000
139 3196.0000000000
146 3365.0000000000
763 3443.0000000000
1337 3508.0000000000
11516 3592.0000000000
14027 3607.0000000000
19424 3762.0000000000
68985 3801.0000000000
100000 2792.0000000000
evaluations raw_y
1 2085.0000000000
2 3071.0000000000
51 3197.0000000000
239 3337.0000000000
354 3352.0000000000
522 3359.0000000000
1348 3398.0000000000
2141 3578.0000000000
5058 3776.0000000000
100000 2380.0000000000
evaluations raw_y
1 2525.0000000000
2 2736.0000000000
7 3443.0000000000
1634 3498.0000000000
3217 3500.0000000000
12029 3572.0000000000
42766 3634.0000000000
53216 3663.0000000000
80886 3727.0000000000
100000 2545.0000000000
evaluations raw_y
1 2538.0000000000
2 2718.0000000000
9 2835.0000000000
26 2865.0000000000
32 2905.0000000000
55 3012.0000000000
94 3076.0000000000
109 3160.0000000000
209 3286.0000000000
260 3298.0000000000
799 3435.0000000000
2599 3511.0000000000
2707 3611.0000000000
66639 3704.0000000000
91629 3726.0000000000
100000 2515.0000000000
evaluations raw_y
1 2477.0000000000
3 3053.0000000000
12 3165.0000000000
91 3205.0000000000
104 3332.0000000000
176 3418.0000000000
662 3688.0000000000
55323 3830.0000000000
100000 2702.0000000000
evaluations raw_y
1 2784.0000000000
7 2866.0000000000
8 3009.0000000000
29 3234.0000000000
231 3338.0000000000
591 3406.0000000000
5632 3520.0000000000
14632 3764.0000000000
100000 2894.0000000000
evaluations raw_y
1 2459.0000000000
8 2553.0000000000
9 2866.0000000000
11 2914.0000000000
12 3108.0000000000
19 3113.0000000000
162 3131.0000000000
218 3229.0000000000
406 3244.0000000000
595 3253.0000000000
706 3399.0000000000
1410 3410.0000000000
2122 3449.0000000000
2568 3746.0000000000
100000 2046.0000000000
evaluations raw_y
1 2636.0000000000
9 2906.0000000000
11 2914.0000000000
13 3042.0000000000
131 3441.0000000000
4946 3502.0000000000
5378 3520.0000000000
9164 3564.0000000000
24321 3623.0000000000
57373 3642.0000000000
100000 2761.0000000000
evaluations raw_y
1 2652.0000000000
2 2801.0000000000
3 2842.0000000000
10 2888.0000000000
23 3010.0000000000
31 3115.0000000000
63 3250.0000000000
129 3391.0000000000
1487 3395.0000000000
2260 3456.0000000000
2428 3504.0000000000
2738 3533.0000000000
3028 3568.0000000000
4036 3574.0000000000
17209 3635.0000000000
41801 3660.0000000000
70024 3681.0000000000
75381 3702.0000000000
100000 2465.0000000000
evaluations raw_y
1 2278.0000000000
2 2805.0000000000
8 3042.0000000000
62 3049.0000000000
91 3237.0000000000
95 3307.0000000000
316 3506.0000000000
1212 3653.0000000000
4443 3654.0000000000
25734 3773.0000000000
96527 3795.0000000000
100000 2679.0000000000
evaluations raw_y
1 2495.0000000000
2 2804.0000000000
8 3255.0000000000
338 3483.0000000000
1052 3491.0000000000
5087 3509.0000000000
10591 3535.0000000000
10610 3594.0000000000
12212 3615.0000000000
40507 3653.0000000000
100000 2381.0000000000
evaluations raw_y
1 2208.0000000000
2 2531.0000000000
6 2613.0000000000
7 2775.0000000000
16 2799.0000000000
17 2885.0000000000
31 2888.0000000000
42 3116.0000000000
60 3237.0000000000
189 3561.0000000000
2450 3631.0000000000
2877 3676.0000000000
3162 3711.0000000000
7603 3765.0000000000
100000 2504.0000000000
evaluations raw_y
1 2086.0000000000
2 2441.0000000000
5 2716.0000000000
10 2858.0000000000
19 2893.0000000000
28 2986.0000000000
34 3007.0000000000
62 3014.0000000000
83 3023.0000000000
112 3125.0000000000
136 3442.0000000000
675 3495.0000000000
1780 3548.0000000000
2933 3556.0000000000
3791 3629.0000000000
10734 3710.0000000000
100000 2611.0000000000
evaluations raw_y
1 2488.0000000000
2 2637.0000000000
3 2658.0000000000
12 2673.0000000000
14 2688.0000000000
15 2944.0000000000
24 3026.0000000000
40 3140.0000000000
41 3221.0000000000
139 3239.0000000000
353 3242.0000000000
374 3260.0000000000
602 3603.0000000000
10195 3664.0000000000
100000 2918.0000000000
evaluations raw_y
1 2507.0000000000
4 3135.0000000000
58 3195.0000000000
144 3382.0000000000
595 3387.0000000000
825 3413.0000000000
1213 3496.0000000000
9195 3573.0000000000
11672 3599.0000000000
16108 3611.0000000000
17799 3668.0000000000
92442 3800.0000000000
100000 2294.0000000000
evaluations raw_y
1 2089.0000000000
2 2364.0000000000
4 2812.0000000000
9 2947.0000000000
32 2984.0000000000
57 3002.0000000000
105 3033.0000000000
114 3039.0000000000
156 3172.0000000000
374 3298.0000000000
616 3342.0000000000
1308 3352.0000000000
1624 3362.0000000000
1868 3389.0000000000
3148 3494.0000000000
3516 3660.0000000000
93367 3798.0000000000
100000 2518.0000000000
evaluations raw_y
1 2704.0000000000
3 2782.0000000000
16 2942.0000000000
20 2981.0000000000
25 3087.0000000000
31 3128.0000000000
134 3408.0000000000
1754 3545.0000000000
5142 3562.0000000000
16058 3563.0000000000
17874 3608.0000000000
51414 3730.0000000000
67133 3806.0000000000
100000 1819.0000000000
evaluations raw_y
1 2668.0000000000
3 3413.0000000000
803 3482.0000000000
1415 3487.0000000000
2115 3603.0000000000
9391 3606.0000000000
10257 3665.0000000000
42060 3721.0000000000
71660 3731.0000000000
100000 2520.0000000000
evaluations raw_y
1 2254.0000000000
2 2480.0000000000
4 2599.0000000000
5 2635.0000000000
11 2643.0000000000
14 3069.0000000000
48 3153.0000000000
160 3185.0000000000
190 3286.0000000000
259 3328.0000000000
435 3455.0000000000
1520 3490.0000000000
2591 3523.0000000000
6007 3570.0000000000
11426 3613.0000000000
52189 3630.0000000000
81051 3684.0000000000
100000 2896.0000000000
evaluations raw_y
1 2324.0000000000
2 2629.0000000000
3 2673.0000000000
5 3055.0000000000
32 3427.0000000000
5101 3472.0000000000
9327 3480.0000000000
12858 3506.0000000000
13504 3590.0000000000
15958 3766.0000000000
43903 3805.0000000000
100000 2627.0000000000
evaluations raw_y
1 2359.0000000000
2 2652.0000000000
3 2929.0000000000
9 3231.0000000000
47 3244.0000000000
333 3252.0000000000
480 3260.0000000000
496 3293.0000000000
599 3345.0000000000
1564 3446.0000000000
2015 3511.0000000000
7273 3701.0000000000
70372 3725.0000000000
100000 2745.0000000000
evaluations raw_y
1 2936.0000000000
22 3234.0000000000
271 3308.0000000000
278 3559.0000000000
11219 3589.0000000000
41230 3660.0000000000
59278 3698.0000000000
100000 2583.0000000000
evaluations raw_y
1 2527.0000000000
2 3131.0000000000
17 3354.0000000000
78 3567.0000000000
1154 3602.0000000000
8972 3612.0000000000
9563 3722.0000000000
33779 3724.0000000000
57697 3744.0000000000
100000 1871.0000000000
evaluations raw_y
1 1960.0000000000
2 2909.0000000000
8 2918.0000000000
32 3091.0000000000
75 3169.0000000000
103 3389.0000000000
2382 3472.0000000000
2816 3605.0000000000
4888 3720.0000000000
31634 3733.0000000000
69759 3760.0000000000
100000 2390.0000000000
evaluations raw_y
1 2318.0000000000
2 2784.0000000000
3 2931.0000000000
11 2940.0000000000
19 2960.0000000000
20 3242.0000000000
85 3249.0000000000
108 3278.0000000000
435 3366.0000000000
1290 3658.0000000000
27109 3707.0000000000
30969 3721.0000000000
100000 2362.0000000000
evaluations raw_y
1 2410.0000000000
2 2907.0000000000
6 3091.0000000000
67 3197.0000000000
77 3331.0000000000
601 3562.0000000000
1718 3563.0000000000
2758 3570.0000000000
5828 3763.0000000000
100000 2367.0000000000
evaluations raw_y
1 2212.0000000000
2 2673.0000000000
3 2862.0000000000
17 2886.0000000000
19 2911.0000000000
20 2952.0000000000
27 3125.0000000000
46 3404.0000000000
1998 3417.0000000000
3191 3435.0000000000
4675 3538.0000000000
4972 3565.0000000000
6071 3697.0000000000
19169 3701.0000000000
100000 2602.0000000000
evaluations raw_y
1 2611.0000000000
8 2810.0000000000
9 2935.0000000000
14 2987.0000000000
21 3164.0000000000
89 3405.0000000000
313 3445.0000000000
1006 3489.0000000000
5078 3520.0000000000
5889 3560.0000000000
20085 3567.0000000000
29972 3597.0000000000
44210 3702.0000000000
92056 3723.0000000000
100000 2555.0000000000
evaluations raw_y
1 2521.0000000000
2 2612.0000000000
6 2675.0000000000
12 2845.0000000000
13 2963.0000000000
21 3060.0000000000
33 3071.0000000000
34 3097.0000000000
59 3212.0000000000
105 3302.0000000000
130 3511.0000000000
1081 3620.0000000000
5065 3625.0000000000
5255 3678.0000000000
9693 3784.0000000000
100000 2221.0000000000
evaluations raw_y
1 2606.0000000000
2 3007.0000000000
14 3220.0000000000
86 3226.0000000000
313 3424.0000000000
789 3487.0000000000
1414 3578.0000000000
23509 3620.0000000000
97226 3623.0000000000
98926 3637.0000000000
100000 2371.0000000000
evaluations raw_y
1 2352.0000000000
7 2681.0000000000
8 3116.0000000000
15 3202.0000000000
25 3492.0000000000
2983 3637.0000000000
45500 3650.0000000000
45943 3711.0000000000
73154 3794.0000000000
100000 2762.0000000000
evaluations raw_y
1 2858.0000000000
4 2884.0000000000
11 3071.0000000000
80 3074.0000000000
147 3077.0000000000
149 3111.0000000000
197 3123.0000000000
265 3133.0000000000
270 3208.0000000000
338 3269.0000000000
375 3421.0000000000
1569 3535.0000000000
2353 3563.0000000000
6178 3625.0000000000
13215 3636.0000000000
35903 3689.0000000000
78614 3741.0000000000
100000 2621.0000000000
evaluations raw_y
1 2837.0000000000
12 2852.0000000000
18 3039.0000000000
50 3127.0000000000
77 3195.0000000000
97 3227.0000000000
131 3390.0000000000
356 3561.0000000000
1634 3649.0000000000
30315 3703.0000000000
100000 2907.0000000000
evaluations raw_y
1 2810.0000000000
22 3152.0000000000
111 3251.0000000000
147 3292.0000000000
266 3337.0000000000
1433 3543.0000000000
1484 3545.0000000000
7070 3563.0000000000
11908 3601.0000000000
14616 3659.0000000000
15011 3751.0000000000
24417 3797.0000000000
41665 3830.0000000000
100000 3019.0000000000
evaluations raw_y
1 2366.0000000000
2 2499.0000000000
3 2542.0000000000
4 2592.0000000000
10 2720.0000000000
17 2956.0000000000
30 3163.0000000000
165 3608.0000000000
22926 3634.0000000000
49775 3823.0000000000
100000 2708.0000000000
evaluations raw_y
1 2241.0000000000
2 2588.0000000000
6 2604.0000000000
8 2925.0000000000
10 3384.0000000000
620 3489.0000000000
1427 3513.0000000000
5521 3631.0000000000
5522 3646.0000000000
6558 3661.0000000000
13328 3784.0000000000
100000 2734.0000000000
evaluations raw_y
1 2197.0000000000
2 2877.0000000000
11 2953.0000000000
15 2986.0000000000
22 3093.0000000000
33 3105.0000000000
46 3132.0000000000
134 3298.0000000000
325 3355.0000000000
343 3394.0000000000
528 3475.0000000000
1226 3533.0000000000
1255 3549.0000000000
1696 3572.0000000000
2672 3717.0000000000
31959 3813.0000000000
94053 3829.0000000000
100000 2197.0000000000
evaluations raw_y
1 2972.0000000000
40 3116.0000000000
89 3141.0000000000
157 3161.0000000000
165 3281.0000000000
269 3282.0000000000
1008 3309.0000000000
1061 3366.0000000000
1149 3424.0000000000
1195 3673.0000000000
1357 3693.0000000000
66995 3710.0000000000
68558 3779.0000000000
100000 2626.0000000000
evaluations raw_y
1 2510.0000000000
4 3219.0000000000
25 3454.0000000000
2851 3620.0000000000
25399 3633.0000000000
34492 3644.0000000000
56999 3723.0000000000
100000 1470.0000000000
evaluations raw_y
1 2767.0000000000
4 2819.0000000000
9 3004.0000000000
16 3178.0000000000
70 3229.0000000000
508 3301.0000000000
587 3303.0000000000
1032 3465.0000000000
7684 3618.0000000000
9321 3623.0000000000
24571 3637.0000000000
55278 3675.0000000000
100000 2608.0000000000
evaluations raw_y
1 2151.0000000000
2 2386.0000000000
4 2507.0000000000
5 2531.0000000000
9 2714.0000000000
15 2762.0000000000
18 2895.0000000000
25 2936.0000000000
33 2949.0000000000
50 3260.0000000000
243 3282.0000000000
350 3431.0000000000
534 3475.0000000000
1132 3722.0000000000
100000 2265.0000000000
evaluations raw_y
1 2504.0000000000
2 2608.0000000000
3 2673.0000000000
4 2711.0000000000
10 2733.0000000000
11 2862.0000000000
14 3255.0000000000
175 3339.0000000000
238 3377.0000000000
273 3385.0000000000
753 3440.0000000000
1253 3492.0000000000
1387 3529.0000000000
5587 3539.0000000000
10266 3629.0000000000
15384 3676.0000000000
33486 3689.0000000000
41949 3703.0000000000
47990 3784.0000000000
100000 2626.0000000000
evaluations raw_y
1 3189.0000000000
226 3317.0000000000
232 3369.0000000000
435 3451.0000000000
1381 3626.0000000000
63838 3662.0000000000
100000 2289.0000000000
evaluations raw_y
1 2311.0000000000
2 2718.0000000000
3 2903.0000000000
5 3025.0000000000
14 3227.0000000000
61 3270.0000000000
1363 3371.0000000000
1730 3446.0000000000
3337 3616.0000000000
10142 3624.0000000000
12685 3645.0000000000
36783 3746.0000000000
100000 2548.0000000000
evaluations raw_y
1 2668.0000000000
2 2758.0000000000
15 2994.0000000000
29 3079.0000000000
66 3270.0000000000
238 3318.0000000000
268 3354.0000000000
1645 3613.0000000000
6469 3714.0000000000
85268 3780.0000000000
100000 2856.0000000000
evaluations raw_y
1 2725.0000000000
4 2775.0000000000
8 2851.0000000000
9 3073.0000000000
41 3208.0000000000
398 3289.0000000000
671 3349.0000000000
2100 3512.0000000000
2504 3632.0000000000
8204 3680.0000000000
44434 3688.0000000000
61346 3703.0000000000
100000 2278.0000000000
evaluations raw_y
1 2487.0000000000
2 2536.0000000000
4 2924.0000000000
23 2955.0000000000
41 3104.0000000000
44 3188.0000000000
164 3202.0000000000
275 3417.0000000000
2218 3468.0000000000
2976 3617.0000000000
6996 3633.0000000000
14740 3652.0000000000
21476 3755.0000000000
52798 3773.0000000000
100000 2444.0000000000
evaluations raw_y
1 2343.0000000000
2 2412.0000000000
6 2490.0000000000
7 2495.0000000000
9 2793.0000000000
11 2975.0000000000
43 3008.0000000000
63 3135.0000000000
71 3278.0000000000
505 3297.0000000000
913 3400.0000000000
2134 3433.0000000000
2415 3494.0000000000
2506 3602.0000000000
14440 3635.0000000000
18977 3713.0000000000
33876 3716.0000000000
47957 3721.0000000000
78235 3724.0000000000
100000 2480.0000000000
evaluations raw_y
1 2844.0000000000
2 3268.0000000000
76 3481.0000000000
2924 3528.0000000000
13015 3563.0000000000
13619 3579.0000000000
32562 3586.0000000000
38527 3599.0000000000
39755 3618.0000000000
42178 3620.0000000000
58270 3742.0000000000
100000 2683.0000000000
evaluations raw_y
1 2680.0000000000
7 2810.0000000000
38 3134.0000000000
93 3146.0000000000
114 3226.0000000000
290 3297.0000000000
308 3387.0000000000
2992 3419.0000000000
3575 3435.0000000000
6041 3484.0000000000
6199 3539.0000000000
21435 3546.0000000000
21807 3658.0000000000
30610 3685.0000000000
47776 3715.0000000000
100000 2523.0000000000
evaluations raw_y
1 2794.0000000000
10 2921.0000000000
14 3042.0000000000
20 3048.0000000000
26 3109.0000000000
156 3151.0000000000
240 3250.0000000000
305 3311.0000000000
748 3401.0000000000
2516 3456.0000000000
3865 3534.0000000000
8479 3554.0000000000
14476 3714.0000000000
31881 3742.0000000000
100000 2360.0000000000
evaluations raw_y
1 3215.0000000000
6 3351.0000000000
194 3357.0000000000
485 3398.0000000000
775 3425.0000000000
2233 3451.0000000000
2625 3498.0000000000
11165 3538.0000000000
14383 3542.0000000000
14795 3687.0000000000
96040 3694.0000000000
98025 3709.0000000000
98765 3710.0000000000
100000 2313.0000000000
evaluations raw_y
1 2126.0000000000
2 2992.0000000000
11 3008.0000000000
29 3106.0000000000
76 3158.0000000000
90 3301.0000000000
1068 3479.0000000000
22791 3713.0000000000
66825 3716.0000000000
100000 2930.0000000000
evaluations raw_y
1 2332.0000000000
2 2982.0000000000
12 3027.0000000000
58 3168.0000000000
72 3187.0000000000
118 3244.0000000000
246 3303.0000000000
567 3502.0000000000
611 3537.0000000000
10208 3598.0000000000
39853 3632.0000000000
39912 3673.0000000000
80743 3742.0000000000
100000 2320.0000000000
evaluations raw_y
1 2613.0000000000
2 2744.0000000000
4 2822.0000000000
11 2870.0000000000
14 2982.0000000000
15 3004.0000000000
31 3152.0000000000
37 3185.0000000000
138 3229.0000000000
396 3342.0000000000
469 3471.0000000000
3259 3493.0000000000
3381 3495.0000000000
5489 3505.0000000000
6649 3512.0000000000
7724 3745.0000000000
39271 3788.0000000000
100000 2919.0000000000
evaluations raw_y
1 2442.0000000000
3 2596.0000000000
5 3027.0000000000
56 3085.0000000000
61 3135.0000000000
79 3206.0000000000
135 3413.0000000000
728 3443.0000000000
2288 3492.0000000000
4316 3514.0000000000
5082 3601.0000000000
12850 3677.0000000000
55416 3686.0000000000
100000 2618.0000000000
evaluations raw_y
1 2614.0000000000
2 2909.0000000000
26 3287.0000000000
159 3289.0000000000
399 3306.0000000000
741 3381.0000000000
1029 3441.0000000000
1386 3544.0000000000
13668 3593.0000000000
14031 3876.0000000000
92757 3891.0000000000
100000 3191.0000000000
evaluations raw_y
1 2592.0000000000
2 2773.0000000000
4 2955.0000000000
7 3083.0000000000
35 3129.0000000000
154 3415.0000000000
197 3503.0000000000
2858 3507.0000000000
5848 3578.0000000000
7012 3605.0000000000
15333 3628.0000000000
100000 2171.0000000000
evaluations raw_y
1 2381.0000000000
2 2687.0000000000
5 2912.0000000000
7 2936.0000000000
13 2997.0000000000
24 3113.0000000000
44 3139.0000000000
107 3145.0000000000
202 3170.0000000000
245 3490.0000000000
4752 3505.0000000000
7802 3552.0000000000
14936 3668.0000000000
46347 3679.0000000000
49528 3725.0000000000
79157 3750.0000000000
100000 2680.0000000000
