evaluations raw_y
1 -0.5071911068
4 -0.5059195985
7 -0.5059112134
8 -0.5055632563
11 -0.5029947682
12 -0.4967067159
15 -0.4900164016
16 -0.4830777542
18 -0.4808759354
19 -0.4779426928
20 -0.4705139561
21 -0.4700742269
25 -0.4666114682
26 -0.4664850627
27 -0.4575962540
29 -0.4557933015
32 -0.4479804837
33 -0.4415288523
38 -0.4400437753
39 -0.4391812643
41 -0.4348595328
44 -0.4307763133
54 -0.4284685629
57 -0.4278185754
60 -0.4241050292
62 -0.4211386025
66 -0.4162377664
67 -0.4118857852
68 -0.4117184579
70 -0.4086257507
84 -0.4064206363
88 -0.4038714499
93 -0.3985122541
96 -0.3894407085
100 -0.3856766156
103 -0.3795815683
105 -0.3769500380
112 -0.3663761998
113 -0.3610565640
116 -0.3605764440
117 -0.3593461538
128 -0.3574751346
132 -0.3511864361
137 -0.3463749047
146 -0.3460433306
152 -0.3387608482
155 -0.3361987730
169 -0.3259619805
184 -0.3233734966
188 -0.3156943044
278 -0.3133302171
298 -0.3106760871
329 -0.3100595048
399 -0.3073961292
416 -0.3065942882
100000 -0.3119139240
evaluations raw_y
1 -0.4871463011
2 -0.4798949635
3 -0.4784530550
4 -0.4735522189
5 -0.4666110055
6 -0.4628974593
11 -0.4575066769
12 -0.4514752696
17 -0.4469613820
26 -0.4461832904
31 -0.4418615588
32 -0.4313728767
33 -0.4287095011
43 -0.4220191868
47 -0.4196588566
49 -0.4163537502
51 -0.4103082206
57 -0.4070053400
59 -0.4043512100
64 -0.3970687275
66 -0.3905353244
73 -0.3872851036
76 -0.3851431220
89 -0.3803697344
95 -0.3725569166
96 -0.3645604836
106 -0.3490682619
110 -0.3483059641
114 -0.3476893818
126 -0.3397100464
138 -0.3389082054
145 -0.3383383214
170 -0.3360588730
185 -0.3348664429
202 -0.3340381313
204 -0.3249665857
277 -0.3242255683
298 -0.3198603826
353 -0.3197339771
354 -0.3144143413
481 -0.3110889839
482 -0.3104354188
508 -0.3085643995
100000 -0.3163772174
evaluations raw_y
1 -0.4895105626
3 -0.4880254857
5 -0.4866316329
7 -0.4835208437
9 -0.4813788620
13 -0.4748535918
14 -0.4680070893
16 -0.4679020491
17 -0.4632071216
22 -0.4627320982
26 -0.4615396681
28 -0.4529062339
30 -0.4494266794
31 -0.4458446013
33 -0.4448355894
35 -0.4422735142
38 -0.4355831999
40 -0.4343426662
41 -0.4290230304
47 -0.4216460130
48 -0.4175627936
50 -0.4160412552
52 -0.4103984568
58 -0.4042337951
59 -0.3979450966
62 -0.3967148065
74 -0.3849226516
85 -0.3843527677
88 -0.3797205681
102 -0.3771320842
106 -0.3727801030
108 -0.3713381945
122 -0.3680128371
123 -0.3673962548
131 -0.3620370591
133 -0.3572255276
135 -0.3568775706
147 -0.3568205078
158 -0.3541663777
163 -0.3541169910
167 -0.3492377362
176 -0.3445440696
178 -0.3343669550
180 -0.3337133899
187 -0.3251993675
192 -0.3214089355
197 -0.3152047768
288 -0.3089167245
311 -0.3066089741
365 -0.3066005889
370 -0.3062690149
100000 -0.3135203525
evaluations raw_y
1 -0.5255937274
2 -0.5221534383
3 -0.5182061310
4 -0.5152131493
6 -0.5145202980
7 -0.5050359412
8 -0.5037644329
9 -0.4999142091
10 -0.4908426635
14 -0.4771242570
18 -0.4748633230
20 -0.4646284366
25 -0.4573786276
26 -0.4554092864
28 -0.4535042990
29 -0.4500770143
33 -0.4427945318
34 -0.4374856559
35 -0.4321225064
39 -0.4262261259
42 -0.4236576378
43 -0.4206738383
48 -0.4101000001
50 -0.4051460116
54 -0.4039054779
55 -0.4001150460
56 -0.3996400226
60 -0.3992981935
69 -0.3945638009
74 -0.3906851714
80 -0.3900685892
87 -0.3897445509
95 -0.3893299055
99 -0.3858428480
104 -0.3789901927
116 -0.3782121011
119 -0.3738469153
120 -0.3712584314
122 -0.3707783114
132 -0.3699158004
141 -0.3683942621
148 -0.3608732884
172 -0.3585655379
173 -0.3558992546
176 -0.3544252600
177 -0.3496137286
200 -0.3450998410
203 -0.3402248346
208 -0.3395583582
227 -0.3369042282
366 -0.3358952164
370 -0.3346649262
388 -0.3292440952
708 -0.3190073027
100000 -0.3244354903
evaluations raw_y
1 -0.4977896293
4 -0.4974655911
5 -0.4968957071
9 -0.4926874826
10 -0.4848399708
11 -0.4821736875
13 -0.4770246212
20 -0.4698041747
24 -0.4660386328
26 -0.4575246104
28 -0.4512365581
31 -0.4429871780
32 -0.4391024975
34 -0.4383401997
35 -0.4374776887
40 -0.4341725823
42 -0.4268900998
48 -0.4190772820
51 -0.4156369928
52 -0.4087931858
58 -0.4038391972
59 -0.3994740115
61 -0.3930984697
63 -0.3890453887
79 -0.3882672971
80 -0.3864643447
82 -0.3859842247
83 -0.3857920432
85 -0.3823292846
89 -0.3783819773
91 -0.3781158374
92 -0.3643644282
124 -0.3597650089
125 -0.3574572585
131 -0.3573308530
144 -0.3517855237
147 -0.3472716361
152 -0.3424601047
161 -0.3406887257
180 -0.3394481920
208 -0.3388316098
219 -0.3378305694
229 -0.3369471199
239 -0.3352246892
251 -0.3318993318
256 -0.3265796960
323 -0.3235867143
330 -0.3187117080
348 -0.3137981386
402 -0.3131316622
471 -0.3123906448
500 -0.3113816330
658 -0.3101513428
100000 -0.3134767002
evaluations raw_y
1 -0.5436787686
2 -0.5427507737
5 -0.5422757504
6 -0.5390255295
9 -0.5366629087
12 -0.5240727728
13 -0.5180316555
14 -0.5149839906
15 -0.5142058990
16 -0.5050233680
18 -0.5024612928
19 -0.4956147902
21 -0.4847970901
22 -0.4842325929
23 -0.4807923037
27 -0.4698402132
32 -0.4636992563
33 -0.4629064109
34 -0.4587000663
37 -0.4568759261
38 -0.4551045471
44 -0.4501065067
47 -0.4487823029
56 -0.4433592606
57 -0.4410515102
59 -0.4348473515
64 -0.4305256199
65 -0.4208051831
66 -0.4164399974
69 -0.4156116858
70 -0.4138087334
81 -0.4071565081
82 -0.4038311507
85 -0.3958347177
95 -0.3915374253
106 -0.3874843443
108 -0.3795050088
110 -0.3789351249
114 -0.3759421432
120 -0.3684042415
126 -0.3683958564
128 -0.3658073725
133 -0.3638997154
135 -0.3626389194
158 -0.3614086292
167 -0.3551205769
180 -0.3487450352
186 -0.3483970781
200 -0.3438527457
201 -0.3332789075
226 -0.3243997131
257 -0.3239195931
306 -0.3212654631
334 -0.3189013758
339 -0.3182847935
637 -0.3175437761
100000 -0.3254634563
evaluations raw_y
1 -0.4769008944
3 -0.4706967357
4 -0.4638529287
5 -0.4581580096
6 -0.4554680279
8 -0.4505365293
13 -0.4459060472
18 -0.4398605176
19 -0.4375810692
23 -0.4355180363
25 -0.4300949940
26 -0.4260419129
33 -0.4232503016
37 -0.4214789226
39 -0.4191148352
44 -0.4118943888
45 -0.4095529333
50 -0.4095445482
53 -0.4022947392
56 -0.4014889897
59 -0.4011649514
62 -0.3934857593
63 -0.3929444273
67 -0.3791930181
70 -0.3687043359
73 -0.3644979914
75 -0.3539749928
91 -0.3490741567
93 -0.3447221755
106 -0.3380318611
123 -0.3317966264
130 -0.3310343286
152 -0.3256751329
163 -0.3249341155
169 -0.3195132845
291 -0.3188172337
319 -0.3150957701
336 -0.3127354399
337 -0.3114949063
417 -0.3108783240
100000 -0.3187258359
evaluations raw_y
1 -0.5138945914
4 -0.5073611883
5 -0.5055249491
6 -0.5031623282
9 -0.4977633863
10 -0.4891361804
13 -0.4844412528
14 -0.4821335024
19 -0.4796155225
20 -0.4795584597
22 -0.4750354073
24 -0.4720516077
26 -0.4715714877
30 -0.4703042268
32 -0.4636589016
35 -0.4592937158
38 -0.4585526985
43 -0.4567813195
46 -0.4501290942
47 -0.4439249355
55 -0.4404846463
58 -0.4267332371
61 -0.4225597173
76 -0.4212391547
78 -0.4167252671
82 -0.4100386603
87 -0.4058323157
88 -0.4037195648
90 -0.3939991280
96 -0.3891198732
100 -0.3851725660
103 -0.3833481543
110 -0.3792950732
116 -0.3707810508
117 -0.3632431491
119 -0.3615322536
129 -0.3535529182
130 -0.3500901595
135 -0.3428697130
140 -0.3346203329
160 -0.3333797993
181 -0.3323707875
247 -0.3268254582
270 -0.3258244178
366 -0.3245941276
601 -0.3239775454
100000 -0.3251699755
evaluations raw_y
1 -0.5295234808
2 -0.5223030343
5 -0.5158874126
10 -0.5110425580
14 -0.5065465466
20 -0.4967439174
21 -0.4953020089
23 -0.4827394323
24 -0.4777512358
30 -0.4727972473
34 -0.4708895902
37 -0.4669935640
39 -0.4643394340
40 -0.4636177438
46 -0.4606513171
50 -0.4558779296
52 -0.4555361005
58 -0.4453589859
61 -0.4450110288
69 -0.4409457640
77 -0.4363852830
78 -0.4333179500
83 -0.4286874679
102 -0.4260240923
109 -0.4258171828
119 -0.4236752011
129 -0.4197905206
132 -0.4164866819
135 -0.4157085903
137 -0.4077889101
138 -0.4074084207
141 -0.3997292286
144 -0.3997208435
145 -0.3916982969
147 -0.3807462064
148 -0.3797451660
150 -0.3679530112
154 -0.3677856839
160 -0.3665932538
164 -0.3659349992
167 -0.3568634536
168 -0.3561674027
207 -0.3488849203
210 -0.3470819678
215 -0.3469986379
231 -0.3400599906
259 -0.3387357868
268 -0.3299810523
274 -0.3266556949
276 -0.3243479444
296 -0.3238678244
303 -0.3232512422
368 -0.3167996108
373 -0.3159977698
394 -0.3153442047
465 -0.3108303171
510 -0.3070662241
100000 -0.3148790420
evaluations raw_y
1 -0.5322429597
2 -0.5280347352
4 -0.5211909282
5 -0.5174773820
7 -0.5087330238
8 -0.5032421171
9 -0.4971965876
11 -0.4892172521
14 -0.4865767262
15 -0.4816292415
19 -0.4746880281
21 -0.4601202044
22 -0.4597886304
23 -0.4557054109
26 -0.4519398690
27 -0.4510786327
29 -0.4484245027
33 -0.4389401460
38 -0.4354773873
39 -0.4331696369
47 -0.4308281814
51 -0.4295666252
53 -0.4276212341
57 -0.4246374345
62 -0.4232576415
64 -0.4217725645
65 -0.4120521277
69 -0.4090044627
70 -0.4089960776
73 -0.4028314159
74 -0.3923084173
77 -0.3869492216
78 -0.3786998415
80 -0.3774593078
90 -0.3756351677
97 -0.3714288231
104 -0.3708517902
110 -0.3700589448
120 -0.3614317388
126 -0.3568055440
130 -0.3556131139
131 -0.3532490266
137 -0.3522924592
147 -0.3510209509
151 -0.3502799335
153 -0.3452575512
199 -0.3398404298
245 -0.3392238475
251 -0.3382148357
259 -0.3309943892
276 -0.3272302963
283 -0.3210261376
286 -0.3203725725
305 -0.3169322833
352 -0.3154582887
468 -0.3142279986
100000 -0.3191594971
