evaluations raw_y
1 -1391.0000000000
5 -1303.0000000000
7 -1254.0000000000
9 -1118.0000000000
13 -1089.0000000000
29 -855.0000000000
1911 -835.0000000000
2421 -699.0000000000
24437 -660.0000000000
100000 -1030.0000000000
evaluations raw_y
1 -1751.0000000000
2 -1605.0000000000
3 -1342.0000000000
10 -1303.0000000000
12 -1264.0000000000
13 -1177.0000000000
40 -1167.0000000000
47 -1020.0000000000
49 -933.0000000000
122 -865.0000000000
717 -836.0000000000
1709 -671.0000000000
86569 -573.0000000000
100000 -1098.0000000000
evaluations raw_y
1 -1186.0000000000
13 -952.0000000000
41 -933.0000000000
163 -932.0000000000
752 -845.0000000000
4668 -767.0000000000
6124 -748.0000000000
8630 -670.0000000000
100000 -1673.0000000000
evaluations raw_y
1 -1186.0000000000
4 -1049.0000000000
59 -1002.0000000000
199 -836.0000000000
2967 -825.0000000000
4529 -787.0000000000
8540 -739.0000000000
25956 -670.0000000000
38851 -622.0000000000
100000 -1527.0000000000
evaluations raw_y
1 -1478.0000000000
2 -1430.0000000000
5 -1322.0000000000
6 -1079.0000000000
24 -1069.0000000000
31 -1040.0000000000
93 -1031.0000000000
309 -894.0000000000
1749 -885.0000000000
1797 -865.0000000000
3412 -738.0000000000
34784 -729.0000000000
37434 -680.0000000000
100000 -1468.0000000000
evaluations raw_y
1 -1536.0000000000
6 -1371.0000000000
8 -1206.0000000000
10 -1137.0000000000
20 -1098.0000000000
23 -991.0000000000
207 -953.0000000000
358 -913.0000000000
433 -835.0000000000
823 -806.0000000000
2636 -738.0000000000
8969 -660.0000000000
84717 -632.0000000000
100000 -1372.0000000000
evaluations raw_y
1 -1546.0000000000
2 -1273.0000000000
11 -1225.0000000000
29 -1059.0000000000
83 -836.0000000000
916 -826.0000000000
1415 -787.0000000000
2354 -767.0000000000
4314 -593.0000000000
100000 -1381.0000000000
evaluations raw_y
1 -1497.0000000000
3 -1254.0000000000
6 -1244.0000000000
10 -1157.0000000000
11 -952.0000000000
31 -798.0000000000
1494 -748.0000000000
4172 -690.0000000000
14649 -689.0000000000
41451 -670.0000000000
73722 -485.0000000000
100000 -1439.0000000000
evaluations raw_y
1 -1439.0000000000
2 -1167.0000000000
33 -1118.0000000000
37 -1098.0000000000
59 -1069.0000000000
111 -894.0000000000
227 -874.0000000000
804 -845.0000000000
1540 -836.0000000000
2225 -680.0000000000
10187 -612.0000000000
86342 -583.0000000000
100000 -1196.0000000000
evaluations raw_y
1 -1264.0000000000
4 -1176.0000000000
5 -1108.0000000000
14 -1011.0000000000
18 -991.0000000000
70 -787.0000000000
5898 -748.0000000000
7019 -719.0000000000
37881 -709.0000000000
61038 -690.0000000000
84270 -689.0000000000
95238 -661.0000000000
100000 -1537.0000000000
evaluations raw_y
1 -1517.0000000000
2 -1244.0000000000
9 -1176.0000000000
24 -1069.0000000000
37 -1020.0000000000
54 -991.0000000000
122 -845.0000000000
348 -700.0000000000
1182 -670.0000000000
99134 -641.0000000000
100000 -1682.0000000000
evaluations raw_y
1 -1186.0000000000
8 -1147.0000000000
25 -1098.0000000000
110 -1088.0000000000
125 -982.0000000000
138 -767.0000000000
8169 -748.0000000000
11392 -730.0000000000
34472 -689.0000000000
84331 -651.0000000000
100000 -1176.0000000000
evaluations raw_y
1 -1351.0000000000
3 -1302.0000000000
4 -1127.0000000000
12 -1118.0000000000
15 -1030.0000000000
31 -826.0000000000
1379 -787.0000000000
1702 -699.0000000000
56976 -690.0000000000
76660 -679.0000000000
100000 -1138.0000000000
evaluations raw_y
1 -1264.0000000000
4 -1254.0000000000
8 -1147.0000000000
42 -1108.0000000000
70 -1039.0000000000
88 -1030.0000000000
202 -1001.0000000000
278 -767.0000000000
21190 -748.0000000000
24138 -709.0000000000
81577 -661.0000000000
100000 -1430.0000000000
evaluations raw_y
1 -1098.0000000000
19 -1069.0000000000
28 -1041.0000000000
60 -894.0000000000
401 -875.0000000000
545 -865.0000000000
886 -855.0000000000
1046 -806.0000000000
3021 -797.0000000000
4030 -709.0000000000
16567 -699.0000000000
27986 -690.0000000000
74940 -680.0000000000
99181 -660.0000000000
100000 -1468.0000000000
evaluations raw_y
1 -1254.0000000000
9 -1156.0000000000
23 -1108.0000000000
30 -1098.0000000000
64 -1079.0000000000
77 -1011.0000000000
94 -982.0000000000
388 -865.0000000000
998 -845.0000000000
1459 -787.0000000000
2021 -778.0000000000
2270 -777.0000000000
3608 -768.0000000000
18303 -738.0000000000
22760 -718.0000000000
31965 -700.0000000000
32190 -535.0000000000
100000 -1644.0000000000
evaluations raw_y
1 -1400.0000000000
5 -1332.0000000000
7 -1323.0000000000
8 -1070.0000000000
38 -1060.0000000000
224 -992.0000000000
310 -962.0000000000
348 -874.0000000000
559 -757.0000000000
11355 -709.0000000000
41393 -680.0000000000
89881 -631.0000000000
100000 -1702.0000000000
evaluations raw_y
1 -1400.0000000000
2 -1293.0000000000
4 -1118.0000000000
59 -1108.0000000000
67 -1098.0000000000
73 -1050.0000000000
74 -1010.0000000000
121 -1002.0000000000
151 -972.0000000000
197 -845.0000000000
471 -826.0000000000
3898 -825.0000000000
6423 -787.0000000000
13818 -767.0000000000
15242 -738.0000000000
15400 -631.0000000000
100000 -1410.0000000000
evaluations raw_y
1 -1439.0000000000
2 -1283.0000000000
8 -1235.0000000000
14 -1225.0000000000
21 -1196.0000000000
24 -1079.0000000000
42 -1021.0000000000
73 -952.0000000000
138 -885.0000000000
169 -865.0000000000
728 -807.0000000000
1496 -777.0000000000
13755 -728.0000000000
48151 -690.0000000000
100000 -1556.0000000000
evaluations raw_y
1 -1507.0000000000
2 -1498.0000000000
3 -1400.0000000000
10 -1176.0000000000
22 -1157.0000000000
37 -1127.0000000000
39 -1068.0000000000
70 -992.0000000000
231 -953.0000000000
293 -952.0000000000
298 -884.0000000000
572 -855.0000000000
833 -748.0000000000
4639 -690.0000000000
57603 -515.0000000000
100000 -1546.0000000000
evaluations raw_y
1 -1449.0000000000
4 -1069.0000000000
60 -1030.0000000000
68 -972.0000000000
144 -729.0000000000
20644 -699.0000000000
34648 -652.0000000000
48223 -563.0000000000
100000 -1400.0000000000
evaluations raw_y
1 -1254.0000000000
2 -1108.0000000000
18 -1098.0000000000
42 -972.0000000000
76 -971.0000000000
95 -807.0000000000
978 -758.0000000000
3308 -709.0000000000
40017 -660.0000000000
55623 -563.0000000000
100000 -1419.0000000000
evaluations raw_y
1 -1507.0000000000
3 -1410.0000000000
6 -1361.0000000000
8 -1186.0000000000
20 -1166.0000000000
23 -1118.0000000000
34 -1020.0000000000
47 -982.0000000000
99 -962.0000000000
109 -904.0000000000
146 -885.0000000000
679 -845.0000000000
1501 -768.0000000000
14943 -757.0000000000
15389 -670.0000000000
16677 -661.0000000000
40213 -650.0000000000
100000 -1157.0000000000
evaluations raw_y
1 -1595.0000000000
2 -1293.0000000000
7 -1265.0000000000
9 -1157.0000000000
83 -933.0000000000
302 -913.0000000000
714 -709.0000000000
1123 -690.0000000000
25630 -671.0000000000
33046 -544.0000000000
100000 -1244.0000000000
evaluations raw_y
1 -1634.0000000000
3 -1206.0000000000
6 -1177.0000000000
14 -1137.0000000000
18 -1098.0000000000
23 -1050.0000000000
91 -1020.0000000000
111 -982.0000000000
171 -816.0000000000
1589 -757.0000000000
6404 -650.0000000000
34960 -613.0000000000
100000 -1546.0000000000
evaluations raw_y
1 -1761.0000000000
2 -1401.0000000000
4 -1381.0000000000
8 -1303.0000000000
11 -1167.0000000000
19 -1147.0000000000
21 -825.0000000000
342 -777.0000000000
711 -573.0000000000
100000 -1254.0000000000
evaluations raw_y
1 -1303.0000000000
2 -1264.0000000000
3 -1137.0000000000
19 -1079.0000000000
43 -962.0000000000
135 -942.0000000000
430 -933.0000000000
913 -914.0000000000
1632 -854.0000000000
2531 -748.0000000000
10954 -670.0000000000
100000 -1488.0000000000
evaluations raw_y
1 -1624.0000000000
2 -1205.0000000000
5 -1167.0000000000
13 -1156.0000000000
16 -1098.0000000000
30 -1079.0000000000
154 -1001.0000000000
204 -981.0000000000
218 -933.0000000000
374 -903.0000000000
604 -855.0000000000
1351 -835.0000000000
3211 -748.0000000000
11687 -631.0000000000
100000 -1527.0000000000
evaluations raw_y
1 -1400.0000000000
3 -1225.0000000000
6 -1147.0000000000
11 -1137.0000000000
44 -1079.0000000000
45 -1030.0000000000
65 -953.0000000000
214 -904.0000000000
308 -903.0000000000
377 -797.0000000000
3959 -757.0000000000
7369 -719.0000000000
23621 -680.0000000000
25352 -640.0000000000
42413 -620.0000000000
100000 -1166.0000000000
evaluations raw_y
1 -1780.0000000000
2 -1673.0000000000
4 -1303.0000000000
6 -972.0000000000
456 -943.0000000000
674 -894.0000000000
962 -845.0000000000
1412 -796.0000000000
2127 -768.0000000000
2750 -767.0000000000
2770 -729.0000000000
11946 -728.0000000000
23329 -719.0000000000
36265 -708.0000000000
41707 -660.0000000000
100000 -1478.0000000000
evaluations raw_y
1 -1293.0000000000
2 -1146.0000000000
44 -1030.0000000000
114 -991.0000000000
148 -962.0000000000
533 -943.0000000000
556 -942.0000000000
569 -904.0000000000
643 -895.0000000000
801 -836.0000000000
1406 -797.0000000000
1547 -699.0000000000
55201 -650.0000000000
100000 -1556.0000000000
evaluations raw_y
1 -1088.0000000000
8 -1049.0000000000
18 -991.0000000000
48 -787.0000000000
3857 -710.0000000000
49583 -709.0000000000
56253 -699.0000000000
87690 -669.0000000000
94838 -631.0000000000
100000 -1643.0000000000
evaluations raw_y
1 -1352.0000000000
4 -1156.0000000000
9 -991.0000000000
55 -981.0000000000
91 -952.0000000000
196 -855.0000000000
1324 -786.0000000000
3314 -768.0000000000
14020 -728.0000000000
22009 -699.0000000000
59623 -671.0000000000
100000 -1352.0000000000
evaluations raw_y
1 -1449.0000000000
3 -1352.0000000000
4 -1108.0000000000
29 -952.0000000000
156 -874.0000000000
1445 -807.0000000000
4501 -680.0000000000
32825 -593.0000000000
100000 -1692.0000000000
evaluations raw_y
1 -1400.0000000000
3 -1254.0000000000
7 -1235.0000000000
8 -1069.0000000000
35 -962.0000000000
80 -933.0000000000
827 -913.0000000000
840 -885.0000000000
1435 -700.0000000000
9379 -631.0000000000
71400 -601.0000000000
100000 -1001.0000000000
evaluations raw_y
1 -1420.0000000000
4 -1381.0000000000
6 -1273.0000000000
7 -1157.0000000000
15 -1069.0000000000
24 -884.0000000000
958 -797.0000000000
5531 -777.0000000000
13202 -758.0000000000
13324 -700.0000000000
37943 -680.0000000000
100000 -1800.0000000000
evaluations raw_y
1 -1362.0000000000
2 -1351.0000000000
3 -1264.0000000000
9 -1108.0000000000
27 -1089.0000000000
90 -1049.0000000000
122 -1021.0000000000
123 -1020.0000000000
208 -825.0000000000
2903 -777.0000000000
3203 -709.0000000000
4642 -699.0000000000
12456 -611.0000000000
34100 -583.0000000000
78795 -554.0000000000
100000 -1186.0000000000
evaluations raw_y
1 -1371.0000000000
7 -1293.0000000000
15 -1283.0000000000
17 -1225.0000000000
20 -1088.0000000000
52 -1011.0000000000
160 -981.0000000000
291 -885.0000000000
624 -796.0000000000
4906 -729.0000000000
7067 -671.0000000000
8462 -495.0000000000
100000 -1478.0000000000
evaluations raw_y
1 -1381.0000000000
3 -1332.0000000000
6 -1245.0000000000
10 -1108.0000000000
14 -1079.0000000000
112 -1040.0000000000
129 -1030.0000000000
200 -1011.0000000000
249 -991.0000000000
264 -952.0000000000
401 -884.0000000000
736 -875.0000000000
979 -836.0000000000
1891 -787.0000000000
6397 -777.0000000000
11451 -749.0000000000
12856 -739.0000000000
14055 -720.0000000000
24294 -719.0000000000
30976 -699.0000000000
100000 -1313.0000000000
evaluations raw_y
1 -1390.0000000000
3 -1157.0000000000
4 -1050.0000000000
41 -1030.0000000000
171 -933.0000000000
338 -826.0000000000
1355 -738.0000000000
11094 -728.0000000000
24723 -718.0000000000
100000 -1517.0000000000
evaluations raw_y
1 -1634.0000000000
2 -1284.0000000000
10 -1245.0000000000
18 -1186.0000000000
40 -991.0000000000
82 -962.0000000000
95 -933.0000000000
113 -894.0000000000
531 -777.0000000000
1579 -719.0000000000
4601 -583.0000000000
100000 -1478.0000000000
evaluations raw_y
1 -1459.0000000000
2 -1186.0000000000
10 -981.0000000000
46 -904.0000000000
466 -778.0000000000
2558 -777.0000000000
7760 -758.0000000000
26930 -641.0000000000
50027 -602.0000000000
100000 -1176.0000000000
evaluations raw_y
1 -1342.0000000000
6 -1206.0000000000
14 -1118.0000000000
22 -1021.0000000000
192 -943.0000000000
426 -923.0000000000
653 -797.0000000000
2842 -767.0000000000
6855 -747.0000000000
7912 -729.0000000000
14452 -708.0000000000
14611 -553.0000000000
100000 -1468.0000000000
evaluations raw_y
1 -1439.0000000000
4 -1400.0000000000
5 -1332.0000000000
6 -1312.0000000000
8 -1245.0000000000
21 -1176.0000000000
41 -1147.0000000000
57 -1080.0000000000
72 -962.0000000000
91 -807.0000000000
1573 -806.0000000000
3118 -758.0000000000
9838 -632.0000000000
100000 -1790.0000000000
evaluations raw_y
1 -1322.0000000000
4 -1118.0000000000
35 -1098.0000000000
37 -1059.0000000000
113 -1050.0000000000
133 -1021.0000000000
136 -1020.0000000000
191 -1001.0000000000
279 -952.0000000000
708 -942.0000000000
1058 -913.0000000000
1170 -806.0000000000
1238 -787.0000000000
1811 -786.0000000000
3729 -777.0000000000
7069 -767.0000000000
8368 -739.0000000000
14712 -719.0000000000
28018 -689.0000000000
49219 -650.0000000000
100000 -1400.0000000000
evaluations raw_y
1 -1332.0000000000
2 -1293.0000000000
6 -1166.0000000000
12 -1078.0000000000
16 -904.0000000000
540 -864.0000000000
603 -748.0000000000
13485 -729.0000000000
23658 -669.0000000000
49825 -661.0000000000
53494 -631.0000000000
73741 -612.0000000000
100000 -1429.0000000000
evaluations raw_y
1 -1351.0000000000
3 -1283.0000000000
5 -1274.0000000000
11 -1118.0000000000
15 -1040.0000000000
38 -1011.0000000000
49 -991.0000000000
137 -962.0000000000
172 -914.0000000000
683 -913.0000000000
748 -816.0000000000
1507 -788.0000000000
2603 -786.0000000000
3838 -709.0000000000
28796 -689.0000000000
81202 -670.0000000000
100000 -1235.0000000000
evaluations raw_y
1 -1507.0000000000
2 -1498.0000000000
3 -1293.0000000000
7 -1147.0000000000
27 -1099.0000000000
75 -1098.0000000000
88 -972.0000000000
93 -962.0000000000
264 -923.0000000000
327 -865.0000000000
430 -758.0000000000
1580 -757.0000000000
3505 -748.0000000000
16597 -710.0000000000
23646 -700.0000000000
49905 -690.0000000000
100000 -1517.0000000000
evaluations raw_y
1 -1673.0000000000
3 -1323.0000000000
6 -1254.0000000000
17 -1205.0000000000
24 -1137.0000000000
31 -1050.0000000000
106 -885.0000000000
1172 -816.0000000000
2656 -797.0000000000
7612 -748.0000000000
10971 -689.0000000000
49106 -680.0000000000
73300 -661.0000000000
81070 -641.0000000000
100000 -1186.0000000000
evaluations raw_y
1 -1556.0000000000
2 -1274.0000000000
7 -1264.0000000000
8 -1069.0000000000
94 -1050.0000000000
183 -1040.0000000000
252 -1031.0000000000
255 -1020.0000000000
516 -972.0000000000
597 -894.0000000000
1605 -825.0000000000
1636 -816.0000000000
2115 -768.0000000000
3621 -748.0000000000
9561 -670.0000000000
77118 -611.0000000000
100000 -1225.0000000000
evaluations raw_y
1 -1264.0000000000
2 -1196.0000000000
7 -1050.0000000000
51 -981.0000000000
234 -631.0000000000
100000 -1089.0000000000
evaluations raw_y
1 -1391.0000000000
2 -1225.0000000000
6 -1224.0000000000
18 -1167.0000000000
27 -1030.0000000000
64 -1001.0000000000
122 -981.0000000000
166 -972.0000000000
192 -904.0000000000
409 -903.0000000000
903 -884.0000000000
1367 -845.0000000000
4077 -797.0000000000
4458 -788.0000000000
18029 -787.0000000000
24099 -758.0000000000
27481 -729.0000000000
30016 -699.0000000000
76690 -680.0000000000
99590 -622.0000000000
100000 -1215.0000000000
evaluations raw_y
1 -1283.0000000000
6 -1254.0000000000
11 -1244.0000000000
14 -1108.0000000000
45 -1079.0000000000
80 -1050.0000000000
205 -1010.0000000000
250 -981.0000000000
323 -962.0000000000
468 -942.0000000000
642 -855.0000000000
1283 -797.0000000000
9192 -660.0000000000
28479 -641.0000000000
100000 -1342.0000000000
evaluations raw_y
1 -1702.0000000000
2 -1683.0000000000
4 -1235.0000000000
6 -1147.0000000000
26 -1070.0000000000
47 -1060.0000000000
48 -1001.0000000000
51 -962.0000000000
281 -884.0000000000
1347 -875.0000000000
2555 -835.0000000000
6726 -825.0000000000
6948 -767.0000000000
22106 -699.0000000000
22334 -564.0000000000
100000 -1225.0000000000
evaluations raw_y
1 -1244.0000000000
7 -1118.0000000000
22 -1040.0000000000
97 -1000.0000000000
235 -991.0000000000
356 -962.0000000000
386 -845.0000000000
784 -729.0000000000
7344 -699.0000000000
23728 -573.0000000000
100000 -1332.0000000000
evaluations raw_y
1 -1468.0000000000
2 -1429.0000000000
3 -1410.0000000000
6 -1079.0000000000
25 -971.0000000000
354 -884.0000000000
901 -874.0000000000
1285 -865.0000000000
1409 -660.0000000000
68819 -621.0000000000
100000 -1390.0000000000
evaluations raw_y
1 -1176.0000000000
18 -1156.0000000000
23 -1079.0000000000
43 -914.0000000000
567 -884.0000000000
750 -797.0000000000
944 -777.0000000000
5570 -759.0000000000
14963 -739.0000000000
36965 -632.0000000000
100000 -1429.0000000000
evaluations raw_y
1 -1575.0000000000
2 -1497.0000000000
3 -1400.0000000000
4 -1264.0000000000
6 -1137.0000000000
7 -1108.0000000000
8 -1069.0000000000
41 -1060.0000000000
42 -1040.0000000000
103 -1010.0000000000
205 -972.0000000000
306 -865.0000000000
1254 -855.0000000000
1738 -748.0000000000
23726 -671.0000000000
30229 -661.0000000000
63556 -631.0000000000
100000 -1410.0000000000
evaluations raw_y
1 -1469.0000000000
2 -1273.0000000000
12 -1244.0000000000
16 -1157.0000000000
30 -943.0000000000
171 -913.0000000000
260 -894.0000000000
722 -806.0000000000
1039 -708.0000000000
11533 -670.0000000000
36869 -650.0000000000
85774 -612.0000000000
91708 -593.0000000000
100000 -1352.0000000000
evaluations raw_y
1 -1459.0000000000
2 -1430.0000000000
3 -1410.0000000000
4 -1400.0000000000
5 -1186.0000000000
22 -1176.0000000000
29 -1128.0000000000
31 -962.0000000000
368 -865.0000000000
979 -826.0000000000
1543 -796.0000000000
1665 -709.0000000000
1890 -680.0000000000
40661 -661.0000000000
49477 -651.0000000000
60427 -641.0000000000
100000 -1488.0000000000
evaluations raw_y
1 -1342.0000000000
2 -1273.0000000000
5 -972.0000000000
247 -885.0000000000
279 -817.0000000000
313 -728.0000000000
3379 -690.0000000000
100000 -1089.0000000000
evaluations raw_y
1 -1449.0000000000
2 -1371.0000000000
8 -1176.0000000000
15 -961.0000000000
81 -942.0000000000
87 -904.0000000000
235 -836.0000000000
763 -758.0000000000
1356 -748.0000000000
2385 -651.0000000000
21432 -650.0000000000
100000 -1127.0000000000
evaluations raw_y
1 -1439.0000000000
2 -1020.0000000000
17 -942.0000000000
214 -923.0000000000
312 -874.0000000000
512 -816.0000000000
640 -757.0000000000
3735 -719.0000000000
6971 -690.0000000000
13973 -660.0000000000
100000 -1615.0000000000
evaluations raw_y
1 -1761.0000000000
2 -1400.0000000000
4 -1352.0000000000
5 -1303.0000000000
6 -981.0000000000
118 -894.0000000000
218 -806.0000000000
3492 -796.0000000000
3666 -787.0000000000
4565 -689.0000000000
100000 -1333.0000000000
evaluations raw_y
1 -1166.0000000000
9 -1108.0000000000
91 -1060.0000000000
151 -981.0000000000
394 -943.0000000000
454 -884.0000000000
608 -874.0000000000
692 -806.0000000000
2904 -797.0000000000
5008 -689.0000000000
28213 -660.0000000000
28671 -650.0000000000
37844 -611.0000000000
65494 -592.0000000000
100000 -1624.0000000000
evaluations raw_y
1 -1654.0000000000
2 -1050.0000000000
31 -1001.0000000000
42 -894.0000000000
616 -864.0000000000
957 -767.0000000000
1345 -718.0000000000
11358 -631.0000000000
100000 -1537.0000000000
evaluations raw_y
1 -1323.0000000000
3 -1254.0000000000
8 -1030.0000000000
85 -962.0000000000
122 -952.0000000000
354 -943.0000000000
364 -845.0000000000
745 -738.0000000000
13967 -709.0000000000
31172 -690.0000000000
42036 -680.0000000000
47510 -670.0000000000
100000 -1322.0000000000
evaluations raw_y
1 -1595.0000000000
3 -1127.0000000000
4 -933.0000000000
256 -884.0000000000
788 -855.0000000000
2112 -777.0000000000
5424 -758.0000000000
6322 -748.0000000000
9334 -738.0000000000
14440 -729.0000000000
14640 -710.0000000000
43531 -709.0000000000
55768 -699.0000000000
64616 -583.0000000000
99995 -563.0000000000
100000 -1361.0000000000
evaluations raw_y
1 -1508.0000000000
2 -1498.0000000000
3 -1264.0000000000
6 -1050.0000000000
45 -1030.0000000000
93 -1002.0000000000
103 -1001.0000000000
143 -972.0000000000
264 -922.0000000000
362 -904.0000000000
1230 -846.0000000000
1465 -796.0000000000
4810 -787.0000000000
4845 -777.0000000000
11886 -768.0000000000
17742 -641.0000000000
100000 -1488.0000000000
evaluations raw_y
1 -1098.0000000000
10 -1059.0000000000
35 -1020.0000000000
54 -981.0000000000
118 -846.0000000000
2855 -836.0000000000
5711 -583.0000000000
100000 -1459.0000000000
evaluations raw_y
1 -1361.0000000000
2 -1274.0000000000
10 -1195.0000000000
12 -1156.0000000000
29 -1137.0000000000
59 -1030.0000000000
77 -1011.0000000000
180 -963.0000000000
184 -923.0000000000
340 -797.0000000000
1607 -767.0000000000
17488 -679.0000000000
25008 -651.0000000000
54455 -641.0000000000
100000 -1459.0000000000
evaluations raw_y
1 -1254.0000000000
6 -1118.0000000000
29 -1079.0000000000
89 -1069.0000000000
144 -1030.0000000000
225 -914.0000000000
1188 -826.0000000000
2242 -739.0000000000
41427 -738.0000000000
53332 -719.0000000000
54130 -690.0000000000
83919 -680.0000000000
100000 -1361.0000000000
evaluations raw_y
1 -1673.0000000000
2 -1537.0000000000
3 -1313.0000000000
9 -1089.0000000000
19 -1060.0000000000
25 -982.0000000000
38 -913.0000000000
269 -894.0000000000
857 -874.0000000000
1621 -845.0000000000
2880 -817.0000000000
5472 -816.0000000000
6347 -660.0000000000
100000 -1712.0000000000
evaluations raw_y
1 -1410.0000000000
2 -1118.0000000000
4 -1010.0000000000
19 -836.0000000000
1956 -817.0000000000
3840 -729.0000000000
8922 -669.0000000000
36042 -621.0000000000
100000 -1245.0000000000
evaluations raw_y
1 -1429.0000000000
4 -1235.0000000000
10 -1147.0000000000
16 -1117.0000000000
27 -1098.0000000000
126 -1070.0000000000
211 -1061.0000000000
262 -1020.0000000000
327 -855.0000000000
1191 -777.0000000000
1893 -758.0000000000
14849 -757.0000000000
23765 -738.0000000000
25079 -700.0000000000
68698 -680.0000000000
68943 -651.0000000000
100000 -1498.0000000000
evaluations raw_y
1 -1682.0000000000
2 -1371.0000000000
5 -1303.0000000000
7 -1118.0000000000
28 -1089.0000000000
80 -1040.0000000000
128 -1011.0000000000
140 -943.0000000000
197 -923.0000000000
1378 -894.0000000000
2529 -757.0000000000
8324 -749.0000000000
26537 -728.0000000000
38049 -700.0000000000
47045 -690.0000000000
62256 -670.0000000000
100000 -1166.0000000000
evaluations raw_y
1 -1186.0000000000
2 -845.0000000000
2593 -797.0000000000
3933 -738.0000000000
13973 -708.0000000000
14090 -700.0000000000
17748 -680.0000000000
100000 -1517.0000000000
evaluations raw_y
1 -1089.0000000000
3 -982.0000000000
291 -924.0000000000
402 -914.0000000000
1789 -913.0000000000
1808 -875.0000000000
2246 -865.0000000000
2444 -748.0000000000
11798 -709.0000000000
94068 -583.0000000000
100000 -1176.0000000000
evaluations raw_y
1 -1605.0000000000
2 -1254.0000000000
7 -1196.0000000000
13 -1176.0000000000
22 -1059.0000000000
86 -991.0000000000
98 -982.0000000000
241 -953.0000000000
287 -865.0000000000
473 -855.0000000000
669 -758.0000000000
3176 -729.0000000000
36273 -680.0000000000
39436 -631.0000000000
100000 -1420.0000000000
evaluations raw_y
1 -1166.0000000000
11 -1147.0000000000
12 -1079.0000000000
30 -1021.0000000000
53 -991.0000000000
125 -943.0000000000
204 -864.0000000000
514 -854.0000000000
1227 -816.0000000000
2448 -796.0000000000
6825 -718.0000000000
11671 -671.0000000000
39980 -603.0000000000
100000 -1547.0000000000
evaluations raw_y
1 -1283.0000000000
12 -1205.0000000000
13 -1098.0000000000
30 -1070.0000000000
32 -1060.0000000000
96 -1011.0000000000
152 -913.0000000000
964 -807.0000000000
4678 -700.0000000000
20148 -660.0000000000
100000 -1527.0000000000
evaluations raw_y
1 -1615.0000000000
3 -1439.0000000000
8 -1322.0000000000
11 -1313.0000000000
12 -1196.0000000000
18 -1147.0000000000
34 -1108.0000000000
53 -1089.0000000000
56 -1040.0000000000
62 -991.0000000000
116 -981.0000000000
604 -924.0000000000
1032 -806.0000000000
11914 -758.0000000000
17488 -748.0000000000
17947 -622.0000000000
100000 -1332.0000000000
evaluations raw_y
1 -1741.0000000000
2 -1381.0000000000
5 -1312.0000000000
8 -1303.0000000000
12 -1167.0000000000
16 -1108.0000000000
39 -865.0000000000
2743 -777.0000000000
5113 -768.0000000000
10560 -739.0000000000
16006 -719.0000000000
19229 -554.0000000000
100000 -1488.0000000000
evaluations raw_y
1 -1264.0000000000
6 -1147.0000000000
17 -1137.0000000000
32 -963.0000000000
102 -893.0000000000
154 -884.0000000000
453 -767.0000000000
4702 -759.0000000000
9175 -757.0000000000
17018 -738.0000000000
24659 -641.0000000000
100000 -1332.0000000000
evaluations raw_y
1 -1186.0000000000
5 -1137.0000000000
6 -875.0000000000
859 -874.0000000000
1220 -787.0000000000
1357 -699.0000000000
23027 -689.0000000000
31158 -670.0000000000
100000 -864.0000000000
evaluations raw_y
1 -1234.0000000000
3 -1215.0000000000
14 -1079.0000000000
25 -1060.0000000000
28 -1011.0000000000
44 -1001.0000000000
54 -982.0000000000
125 -942.0000000000
185 -845.0000000000
545 -787.0000000000
1255 -719.0000000000
10921 -690.0000000000
12599 -680.0000000000
40181 -679.0000000000
100000 -1624.0000000000
evaluations raw_y
1 -1313.0000000000
10 -1215.0000000000
16 -1088.0000000000
27 -933.0000000000
191 -904.0000000000
320 -835.0000000000
2265 -719.0000000000
4834 -641.0000000000
67658 -622.0000000000
100000 -1546.0000000000
evaluations raw_y
1 -1244.0000000000
11 -1205.0000000000
25 -846.0000000000
156 -816.0000000000
701 -806.0000000000
1296 -670.0000000000
50535 -651.0000000000
72418 -641.0000000000
100000 -1264.0000000000
evaluations raw_y
1 -1293.0000000000
6 -1147.0000000000
7 -1079.0000000000
22 -953.0000000000
92 -894.0000000000
398 -865.0000000000
748 -855.0000000000
1130 -845.0000000000
1585 -787.0000000000
1983 -768.0000000000
8079 -728.0000000000
32467 -710.0000000000
36834 -602.0000000000
100000 -1478.0000000000
evaluations raw_y
1 -1186.0000000000
16 -1050.0000000000
95 -1021.0000000000
102 -874.0000000000
549 -816.0000000000
631 -758.0000000000
943 -748.0000000000
7815 -719.0000000000
19739 -710.0000000000
33726 -690.0000000000
35264 -651.0000000000
88507 -612.0000000000
100000 -1333.0000000000
evaluations raw_y
1 -1303.0000000000
6 -1196.0000000000
7 -1128.0000000000
41 -1030.0000000000
100 -933.0000000000
289 -875.0000000000
661 -835.0000000000
2048 -826.0000000000
2072 -796.0000000000
3139 -777.0000000000
11961 -728.0000000000
34530 -679.0000000000
48774 -640.0000000000
58429 -631.0000000000
100000 -1537.0000000000
evaluations raw_y
1 -1644.0000000000
2 -1293.0000000000
3 -1265.0000000000
7 -1157.0000000000
24 -1088.0000000000
44 -1012.0000000000
73 -1011.0000000000
98 -1001.0000000000
136 -943.0000000000
197 -893.0000000000
279 -826.0000000000
914 -825.0000000000
1627 -806.0000000000
2166 -797.0000000000
4660 -767.0000000000
5971 -728.0000000000
6121 -671.0000000000
13812 -650.0000000000
87252 -641.0000000000
100000 -1469.0000000000
evaluations raw_y
1 -1546.0000000000
4 -1118.0000000000
50 -845.0000000000
2619 -816.0000000000
4052 -787.0000000000
12744 -728.0000000000
29899 -660.0000000000
63683 -553.0000000000
100000 -1585.0000000000
evaluations raw_y
1 -1468.0000000000
2 -1089.0000000000
11 -1088.0000000000
22 -845.0000000000
65 -816.0000000000
924 -806.0000000000
2330 -670.0000000000
35214 -642.0000000000
74979 -603.0000000000
100000 -1342.0000000000
evaluations raw_y
1 -1478.0000000000
4 -1361.0000000000
5 -1167.0000000000
17 -1108.0000000000
19 -1060.0000000000
53 -971.0000000000
244 -953.0000000000
286 -904.0000000000
1577 -884.0000000000
1821 -796.0000000000
9747 -768.0000000000
14921 -728.0000000000
24543 -651.0000000000
100000 -1488.0000000000
evaluations raw_y
1 -1673.0000000000
2 -1332.0000000000
4 -1206.0000000000
7 -894.0000000000
83 -816.0000000000
128 -689.0000000000
32518 -661.0000000000
100000 -1517.0000000000
evaluations raw_y
1 -1322.0000000000
2 -1303.0000000000
6 -991.0000000000
31 -953.0000000000
70 -913.0000000000
586 -884.0000000000
931 -855.0000000000
1312 -816.0000000000
4790 -807.0000000000
5086 -806.0000000000
6158 -797.0000000000
7676 -787.0000000000
15627 -573.0000000000
100000 -1176.0000000000
evaluations raw_y
1 -1254.0000000000
11 -1098.0000000000
16 -923.0000000000
66 -796.0000000000
5359 -767.0000000000
8570 -758.0000000000
24627 -757.0000000000
28093 -748.0000000000
35544 -651.0000000000
52455 -621.0000000000
100000 -1576.0000000000
evaluations raw_y
1 -1449.0000000000
2 -1264.0000000000
3 -1225.0000000000
15 -1176.0000000000
49 -1137.0000000000
52 -972.0000000000
616 -933.0000000000
640 -923.0000000000
838 -748.0000000000
20413 -718.0000000000
52582 -699.0000000000
53069 -680.0000000000
72464 -592.0000000000
100000 -1196.0000000000
evaluations raw_y
1 -1546.0000000000
2 -1527.0000000000
3 -1517.0000000000
4 -1273.0000000000
8 -1166.0000000000
12 -1137.0000000000
49 -1020.0000000000
53 -972.0000000000
191 -865.0000000000
398 -855.0000000000
2844 -758.0000000000
3814 -709.0000000000
9122 -700.0000000000
85161 -612.0000000000
98515 -593.0000000000
100000 -1498.0000000000
