evaluations raw_y
1 -0.5396708657
2 -0.4881344955
6 -0.4853449194
8 -0.4693190855
104 -0.4577456994
129 -0.4565586859
132 -0.4487326613
557 -0.4479431184
726 -0.4206950158
3208 -0.4170798797
26056 -0.4157221424
26941 -0.4077972829
82655 -0.4044886671
100000 -0.4956847987
evaluations raw_y
1 -0.4540317631
132 -0.4475312313
147 -0.4387508699
578 -0.4360969125
944 -0.4197476093
19160 -0.4178806007
21830 -0.4155176644
32460 -0.4121882561
44261 -0.4017697818
100000 -0.4779181830
evaluations raw_y
1 -0.5253707950
2 -0.5002223057
10 -0.5000530204
15 -0.4786961648
18 -0.4747109332
42 -0.4710546864
50 -0.4450175546
57 -0.4408205116
93 -0.4289583105
3546 -0.4272809756
6060 -0.4106984410
31011 -0.4029926344
31208 -0.4006768842
36383 -0.3999892459
100000 -0.5252617709
evaluations raw_y
1 -0.4855871140
8 -0.4526544729
41 -0.4526540967
70 -0.4519741709
110 -0.4434546438
361 -0.4408345833
1472 -0.4367053899
2093 -0.4327153581
3684 -0.4200014669
8086 -0.4057229230
100000 -0.4823470539
evaluations raw_y
1 -0.5359067823
2 -0.5129677446
3 -0.5061837698
5 -0.5054901482
6 -0.4986692138
8 -0.4824273257
15 -0.4783617025
18 -0.4654333267
26 -0.4476935897
63 -0.4397290777
106 -0.4396080192
140 -0.4259813678
1677 -0.4213627970
5191 -0.4211779807
7065 -0.4114358646
13412 -0.4112440125
73733 -0.4064871526
100000 -0.4593145960
evaluations raw_y
1 -0.4879712502
13 -0.4700232856
28 -0.4565099374
59 -0.4345194408
1539 -0.4328210464
2565 -0.4309536663
5254 -0.4236430941
7437 -0.4221017479
10064 -0.4152412150
22484 -0.4062945692
93922 -0.4031103434
100000 -0.4911342301
evaluations raw_y
1 -0.5021361408
4 -0.5009925823
11 -0.4992630099
12 -0.4783905299
15 -0.4666660350
40 -0.4653309992
44 -0.4636732854
87 -0.4618035669
119 -0.4606264707
204 -0.4587095876
259 -0.4522562366
426 -0.4251242422
1201 -0.4201273580
3987 -0.4063443954
100000 -0.4860014013
evaluations raw_y
1 -0.4822668873
7 -0.4681460450
20 -0.4635648528
50 -0.4362945135
266 -0.4346810024
540 -0.4100170479
33188 -0.4055229087
100000 -0.5162084592
evaluations raw_y
1 -0.5519035498
2 -0.5360532810
4 -0.4981707002
6 -0.4938985796
9 -0.4857903869
14 -0.4520645749
98 -0.4468030635
160 -0.4467101823
214 -0.4338396639
1104 -0.4338082507
3431 -0.4285697849
4915 -0.4210869688
25870 -0.4198512106
32559 -0.4080245952
36220 -0.4037308995
100000 -0.5487666179
evaluations raw_y
1 -0.5046214556
3 -0.4761504786
5 -0.4542901489
88 -0.4479063617
363 -0.4225695503
16879 -0.4225402177
24834 -0.4197313465
30949 -0.4192208371
35689 -0.4111406593
37979 -0.4084918039
40621 -0.4053499442
100000 -0.4748654991
evaluations raw_y
1 -0.5559956441
2 -0.5383985221
3 -0.5221350825
6 -0.5066213709
8 -0.4751378326
11 -0.4669776553
37 -0.4321329428
63 -0.4272126550
1126 -0.4232498230
6678 -0.4217080774
23361 -0.4174070997
44258 -0.4124261633
62644 -0.4083479379
100000 -0.5159168964
evaluations raw_y
1 -0.4823105195
9 -0.4774110275
15 -0.4753181684
27 -0.4679281148
100 -0.4412056078
193 -0.4404386636
1255 -0.4366252582
1879 -0.4358023718
2036 -0.4265373187
2483 -0.4189629346
19062 -0.4137225849
68564 -0.4118621355
100000 -0.5009508511
evaluations raw_y
1 -0.5154572431
2 -0.5126035340
6 -0.4778741762
12 -0.4746701087
16 -0.4736190505
21 -0.4678676944
113 -0.4594178953
127 -0.4547631326
206 -0.4485117941
266 -0.4383760999
540 -0.4376160924
631 -0.4311533884
5145 -0.4221883834
5867 -0.4209238683
19548 -0.4206495969
36674 -0.4158871718
37552 -0.4097351876
89248 -0.4007566857
100000 -0.4879027178
evaluations raw_y
1 -0.4818161822
9 -0.4689429918
50 -0.4618708959
61 -0.4458152477
103 -0.4431104373
107 -0.4414774554
1046 -0.4404401617
1541 -0.4396795686
1968 -0.4392795802
3209 -0.4347815883
5023 -0.4344439304
5757 -0.4289405341
7407 -0.4221532431
23461 -0.4176094895
40102 -0.4152874141
51052 -0.4101551131
57554 -0.3936303009
100000 -0.5249553207
evaluations raw_y
1 -0.5096756881
3 -0.4829747805
8 -0.4602616049
38 -0.4532751131
113 -0.4465603681
115 -0.4308798948
578 -0.4265022545
3567 -0.4176252123
34530 -0.4168867642
49011 -0.4098471219
100000 -0.5334759850
evaluations raw_y
1 -0.5225793706
2 -0.5202755310
3 -0.5187036982
5 -0.4527791016
290 -0.4416021264
1346 -0.4392734111
2327 -0.4391439605
3752 -0.4229034122
20120 -0.4221888312
27984 -0.4169085365
32946 -0.4134650710
41005 -0.4126015781
100000 -0.4893911799
evaluations raw_y
1 -0.5037412873
3 -0.4996351523
5 -0.4981736663
6 -0.4811019594
7 -0.4493554573
42 -0.4392299284
160 -0.4363782673
678 -0.4352250286
1745 -0.4278602709
9693 -0.4257683667
16310 -0.4199205351
23526 -0.4111104012
37905 -0.4035942644
64467 -0.3994921507
100000 -0.5236691908
evaluations raw_y
1 -0.4741213460
19 -0.4604708269
49 -0.4537510511
176 -0.4421832790
595 -0.4411426345
933 -0.4339206405
1545 -0.4333705878
2296 -0.4310106422
2467 -0.4172488329
12327 -0.4146924047
36980 -0.4113304989
43278 -0.4109385246
89790 -0.4087168680
100000 -0.5217777710
evaluations raw_y
1 -0.4689100888
14 -0.4384976306
247 -0.4325339393
827 -0.4320188510
1165 -0.4240319427
1378 -0.4192511030
6762 -0.4166107793
11499 -0.4109309269
100000 -0.5103034737
evaluations raw_y
1 -0.4912377809
6 -0.4911570730
16 -0.4640284987
51 -0.4566149587
64 -0.4512681349
106 -0.4417691741
320 -0.4314843400
1454 -0.4264573113
5653 -0.4209238575
6284 -0.4199016558
18972 -0.4106327444
36577 -0.4033631675
100000 -0.4620384273
evaluations raw_y
1 -0.5131098837
4 -0.4845797333
9 -0.4687990676
11 -0.4657755530
34 -0.4633882680
68 -0.4600654548
142 -0.4522723175
165 -0.4369758695
490 -0.4298432279
1877 -0.4166917860
21399 -0.4079852033
84381 -0.4035516894
100000 -0.5166750529
evaluations raw_y
1 -0.5016871536
7 -0.4894660227
8 -0.4817133611
19 -0.4561701742
27 -0.4434474625
28 -0.4430851612
495 -0.4229773044
7600 -0.4150707861
12020 -0.4030092623
100000 -0.4962123273
evaluations raw_y
1 -0.4869180192
2 -0.4858161501
4 -0.4690843185
16 -0.4604034208
57 -0.4582047239
67 -0.4485116412
359 -0.4451694349
415 -0.4449478408
570 -0.4441590016
684 -0.4274249590
3509 -0.4260911637
4419 -0.4250673229
9916 -0.4188860011
14369 -0.4154275203
25198 -0.4127947922
53355 -0.4091542819
91684 -0.4070194440
100000 -0.4866580827
evaluations raw_y
1 -0.5584782654
2 -0.4961097023
3 -0.4915966803
8 -0.4680908687
16 -0.4540637988
23 -0.4408484695
156 -0.4287520972
2972 -0.4187780322
8258 -0.4182991588
30102 -0.4092112797
46145 -0.4063000630
83918 -0.4000368708
100000 -0.5289770300
evaluations raw_y
1 -0.4846424531
9 -0.4837380510
28 -0.4820573035
36 -0.4680071515
58 -0.4617383247
60 -0.4519674070
102 -0.4419409830
218 -0.4389773035
778 -0.4305258954
3099 -0.4291829076
3866 -0.4188745552
11495 -0.4145037123
12240 -0.4141787141
34302 -0.4059402877
100000 -0.4954124531
evaluations raw_y
1 -0.5112529134
3 -0.4695444973
19 -0.4404031071
33 -0.4364649507
74 -0.4352753714
468 -0.4339539294
743 -0.4323981802
2779 -0.4314267846
4241 -0.4049658975
100000 -0.5287797809
evaluations raw_y
1 -0.5463516017
2 -0.5078600034
3 -0.4696847089
10 -0.4580359900
66 -0.4525133714
375 -0.4485412784
404 -0.4459366164
482 -0.4319072700
3275 -0.4113669335
19781 -0.4064291878
59759 -0.3923661527
100000 -0.5348503282
evaluations raw_y
1 -0.4924419985
4 -0.4815265764
15 -0.4626232958
77 -0.4589194615
232 -0.4570114133
267 -0.4559392770
355 -0.4559315733
481 -0.4558819370
486 -0.4548496356
659 -0.4547096691
669 -0.4311039358
3075 -0.4239421560
3500 -0.4208324898
11091 -0.4106002756
17231 -0.4080196299
46623 -0.3929235746
100000 -0.5445381356
evaluations raw_y
1 -0.5347413726
3 -0.4495381181
52 -0.4360575262
1004 -0.4290823620
2580 -0.4200651783
13390 -0.4074238385
100000 -0.5140216118
evaluations raw_y
1 -0.4702873554
24 -0.4504730973
109 -0.4487097353
292 -0.4447821231
728 -0.4432504208
781 -0.4411608280
800 -0.4303669867
3249 -0.4289513922
3963 -0.4264577953
4133 -0.4246708373
5351 -0.4229889098
11122 -0.4154799314
15915 -0.4111097366
50172 -0.4036052282
72239 -0.4014822593
100000 -0.5413831134
evaluations raw_y
1 -0.4946180005
2 -0.4800894768
12 -0.4756100204
17 -0.4727867928
24 -0.4723946892
92 -0.4535717508
139 -0.4404753955
231 -0.4374091592
380 -0.4334100384
2109 -0.4275963653
2886 -0.4267723863
3454 -0.4171023835
30239 -0.4170707190
32541 -0.4116469510
41006 -0.4089302304
44803 -0.4069429860
86613 -0.4011306849
100000 -0.4847484792
evaluations raw_y
1 -0.5331855118
2 -0.4987849424
8 -0.4868766467
14 -0.4809560851
26 -0.4615397001
32 -0.4588913635
37 -0.4136426214
7559 -0.4118227469
94683 -0.4055687351
100000 -0.5358099511
evaluations raw_y
1 -0.5461815747
2 -0.5286234403
3 -0.5063178367
7 -0.4436708598
226 -0.4376245127
283 -0.4360462575
562 -0.4358684291
1679 -0.4335405091
1706 -0.4318533580
2125 -0.4233096573
7155 -0.4185540890
9433 -0.4176072331
36423 -0.4091666462
82792 -0.4059192904
100000 -0.5252367844
evaluations raw_y
1 -0.5527031640
2 -0.5264208318
4 -0.4914143401
12 -0.4537822774
115 -0.4497633817
187 -0.4405843736
719 -0.4380259994
1009 -0.4252908183
1577 -0.4184734515
9323 -0.4131023140
21376 -0.4034467727
41619 -0.4034059680
62280 -0.3930336600
100000 -0.5454011551
evaluations raw_y
1 -0.5054314835
3 -0.4860460751
4 -0.4645861846
5 -0.4604598065
16 -0.4559960796
72 -0.4559484636
180 -0.4475509853
352 -0.4430718189
704 -0.4294565054
1880 -0.4256390957
3905 -0.4182225567
7246 -0.4093818845
78550 -0.4053761580
100000 -0.4965088634
evaluations raw_y
1 -0.4972230890
2 -0.4848908608
5 -0.4765863319
14 -0.4600784711
16 -0.4557519168
53 -0.4526130929
142 -0.4480841416
177 -0.4439906741
671 -0.4386461818
1208 -0.4312477988
1377 -0.4220915770
3199 -0.4184585914
30788 -0.4151282097
36757 -0.4094484317
100000 -0.5021014370
evaluations raw_y
1 -0.4840967687
6 -0.4654044837
39 -0.4583101846
78 -0.4373327671
1302 -0.4351730342
2076 -0.4110623472
100000 -0.5135702187
evaluations raw_y
1 -0.5399698448
2 -0.4943798512
3 -0.4880142244
9 -0.4715577304
12 -0.4453713426
355 -0.4389515473
540 -0.4348046386
1441 -0.4269927375
8927 -0.4213378160
9692 -0.4198880689
13115 -0.4187475635
15140 -0.4172295030
33176 -0.4150257637
36823 -0.4068440951
75432 -0.4055070471
100000 -0.5090091728
evaluations raw_y
1 -0.5314031067
2 -0.4803210617
4 -0.4637879935
16 -0.4611663278
34 -0.4606223902
101 -0.4600113938
149 -0.4533943773
367 -0.4436610261
473 -0.4414744730
1086 -0.4403390796
1496 -0.4366779580
2287 -0.4346607222
5178 -0.4258019010
6757 -0.4220343386
9294 -0.4130337873
100000 -0.5386766250
evaluations raw_y
1 -0.5262251906
2 -0.4747906133
29 -0.4686093776
31 -0.4638996105
93 -0.4495595663
126 -0.4459805102
301 -0.4364992202
1613 -0.4350407381
1816 -0.4233681927
1843 -0.4230811554
6794 -0.4193183625
15663 -0.4051592491
100000 -0.5234427036
evaluations raw_y
1 -0.5385054280
2 -0.5113024380
6 -0.4828408998
13 -0.4649091340
59 -0.4621709768
65 -0.4588854397
80 -0.4452936059
98 -0.4381639716
254 -0.4211245110
3165 -0.4179692017
5385 -0.4178570046
7599 -0.4171971923
16303 -0.4078390276
100000 -0.5232410681
evaluations raw_y
1 -0.5085423880
5 -0.5050375866
6 -0.4977782410
9 -0.4944773509
16 -0.4867650150
17 -0.4818221645
21 -0.4720513021
68 -0.4626116957
80 -0.4567533051
131 -0.4537488610
229 -0.4425332627
688 -0.4255707567
6562 -0.4225650372
6610 -0.4080079131
25955 -0.4070592236
95655 -0.4049147208
100000 -0.4873367085
evaluations raw_y
1 -0.4682035222
17 -0.4570776726
24 -0.4362156254
93 -0.4318795740
410 -0.4213730816
10714 -0.4196713796
25719 -0.4104970835
27652 -0.4099956128
28407 -0.4057880411
100000 -0.4923410112
evaluations raw_y
1 -0.5047848680
2 -0.4871615953
5 -0.4810646802
14 -0.4676700376
32 -0.4587421469
33 -0.4512980389
135 -0.4436704338
259 -0.4317029044
963 -0.4276017122
4641 -0.4223469868
5453 -0.4218831804
14172 -0.4206288698
15665 -0.4188919173
21033 -0.4159551673
100000 -0.4985309949
evaluations raw_y
1 -0.4794102869
4 -0.4781426159
13 -0.4778782366
28 -0.4653644375
140 -0.4624935273
160 -0.4380880859
706 -0.4345832052
1027 -0.4265967479
3145 -0.4247728149
7241 -0.4181776900
18210 -0.4171617773
26028 -0.4125202786
45175 -0.4124078015
87610 -0.4092876178
88249 -0.4083080070
100000 -0.5073094809
evaluations raw_y
1 -0.5202671977
2 -0.5045481394
3 -0.4772773308
4 -0.4659729265
5 -0.4482604292
81 -0.4342113755
422 -0.4323564383
1643 -0.4248704350
11765 -0.4217555600
18739 -0.4181275653
49979 -0.4128451936
53942 -0.4087978493
100000 -0.5283492346
evaluations raw_y
1 -0.5061310761
3 -0.5017724710
6 -0.4828402173
7 -0.4700989759
10 -0.4626256767
74 -0.4381427095
286 -0.4364689120
705 -0.4229658873
1911 -0.4159229975
15401 -0.4159130262
32171 -0.4131629079
52236 -0.4105671491
85548 -0.4067009239
87740 -0.4055256786
100000 -0.5135385916
evaluations raw_y
1 -0.5079205333
4 -0.4804662095
17 -0.4750780742
33 -0.4745176011
44 -0.4507862487
386 -0.4487791497
520 -0.4369980654
714 -0.4355482169
790 -0.4308595388
2348 -0.4131908053
81746 -0.4058777610
100000 -0.4909389516
evaluations raw_y
1 -0.5037322914
7 -0.4862625752
18 -0.4626791193
45 -0.4570688642
47 -0.4471474086
63 -0.4449139776
91 -0.4396184391
387 -0.4356903153
946 -0.4159943091
2854 -0.4055407423
16305 -0.4033409311
64641 -0.4028091811
100000 -0.5101020418
evaluations raw_y
1 -0.4917936212
3 -0.4858496990
4 -0.4811250883
5 -0.4690723110
37 -0.4404267046
119 -0.4316348244
3236 -0.3956205019
100000 -0.4863145001
evaluations raw_y
1 -0.5441224400
2 -0.5171620293
4 -0.5100237777
6 -0.4912864675
8 -0.4811836302
29 -0.4411393147
345 -0.4367239794
1403 -0.4363769842
2285 -0.4325706036
3439 -0.4205302650
7967 -0.4170951820
11774 -0.4130286248
13414 -0.4076936017
37453 -0.4016669175
64657 -0.3949840214
100000 -0.5162454112
evaluations raw_y
1 -0.4869040738
14 -0.4760552883
17 -0.4747469395
28 -0.4707237411
77 -0.4653926966
97 -0.4551463630
117 -0.4483510064
179 -0.4389453148
1091 -0.4344963759
1095 -0.4315532912
1450 -0.4258024745
8839 -0.4251730896
9104 -0.4079557429
46249 -0.4029590234
100000 -0.5300305951
evaluations raw_y
1 -0.4950488486
4 -0.4641388506
30 -0.4442962937
99 -0.4304501852
142 -0.4243939191
3196 -0.4198393265
4922 -0.4062412066
92579 -0.4048473470
100000 -0.5468341375
evaluations raw_y
1 -0.5122232070
2 -0.4849419002
9 -0.4739513043
53 -0.4717389677
65 -0.4617506341
81 -0.4591132153
94 -0.4468507766
747 -0.4224562951
3744 -0.4223490088
4908 -0.4223030742
5751 -0.4213978845
13508 -0.4047860443
100000 -0.5457272663
evaluations raw_y
1 -0.5025170798
2 -0.4966629471
13 -0.4961073524
24 -0.4878944704
26 -0.4700507669
32 -0.4573658617
84 -0.4568463659
121 -0.4518829408
308 -0.4316968765
1349 -0.4290317772
2443 -0.4282871614
6816 -0.4201949224
10160 -0.4072564414
51200 -0.4069058451
59954 -0.4062335480
98879 -0.3936400475
100000 -0.4644589113
evaluations raw_y
1 -0.5459241302
2 -0.5001313398
3 -0.4916679092
13 -0.4892263606
18 -0.4612008191
37 -0.4561183595
43 -0.4460911103
96 -0.4430730032
366 -0.4389095888
852 -0.4345179226
1147 -0.4208894516
2089 -0.4095959245
100000 -0.4914740173
evaluations raw_y
1 -0.5346983642
2 -0.5171923887
4 -0.4848005073
9 -0.4642044553
57 -0.4535847977
71 -0.4501260824
264 -0.4466612382
388 -0.4462284999
990 -0.4377150975
1102 -0.4348519755
1293 -0.4299437224
11712 -0.4076503592
35696 -0.4074841301
100000 -0.4628794787
evaluations raw_y
1 -0.5069621993
3 -0.4955057140
4 -0.4763864187
7 -0.4601234981
22 -0.4562888712
99 -0.4503047381
162 -0.4427125279
280 -0.4289592494
1932 -0.4285660345
2849 -0.4277159417
3952 -0.4213765885
6962 -0.4119184059
9422 -0.4091891992
12229 -0.4065025754
23692 -0.3798182204
100000 -0.5018737913
evaluations raw_y
1 -0.5021193999
2 -0.4680063361
4 -0.4550672951
82 -0.4542091246
130 -0.4538279435
318 -0.4386540849
807 -0.4325982699
974 -0.4318566752
1046 -0.4256932060
2226 -0.4253032341
6146 -0.4244995245
8451 -0.4111750667
47764 -0.4090074865
49258 -0.4027997263
100000 -0.5129537900
evaluations raw_y
1 -0.5099032555
3 -0.4714023843
72 -0.4381833885
294 -0.4381607087
488 -0.4268897475
1055 -0.4225246891
5606 -0.4166253533
29052 -0.4029025472
100000 -0.5119013532
evaluations raw_y
1 -0.5274170462
2 -0.5217562295
3 -0.4884529198
5 -0.4746619085
34 -0.4734614324
46 -0.4733310873
57 -0.4402634719
238 -0.4350972665
2057 -0.4342855779
2320 -0.4305799601
7032 -0.4288648289
7368 -0.4269716747
8274 -0.4199548019
12004 -0.4176330312
29031 -0.4127442322
64874 -0.4062619211
100000 -0.5046418859
evaluations raw_y
1 -0.5170451788
2 -0.4966148733
3 -0.4803251223
20 -0.4729482194
26 -0.4729162292
28 -0.4715431706
57 -0.4667862989
61 -0.4607729505
65 -0.4550835888
175 -0.4473710068
191 -0.4403360830
438 -0.4277292260
2200 -0.4136170186
23047 -0.4104625532
38097 -0.3937118448
100000 -0.5035522992
evaluations raw_y
1 -0.5203274389
2 -0.5168414126
3 -0.4939137379
4 -0.4789112837
7 -0.4524012070
22 -0.4502722586
68 -0.4357005803
3711 -0.4311337110
4919 -0.4265873167
11878 -0.4151947501
13836 -0.4133269610
22251 -0.4082672033
100000 -0.5428022629
evaluations raw_y
1 -0.5057927387
2 -0.4834925475
6 -0.4823160541
15 -0.4775812221
22 -0.4615366358
77 -0.4603986237
88 -0.4596881167
150 -0.4589885195
247 -0.4478775237
291 -0.4463605303
467 -0.4396948812
1018 -0.4260144052
2393 -0.4233342194
3617 -0.4114913013
17637 -0.4069762967
76258 -0.4053457595
100000 -0.5090467835
evaluations raw_y
1 -0.5207897382
2 -0.4909345859
13 -0.4833815182
31 -0.4744551829
47 -0.4687918711
48 -0.4506438623
50 -0.4437403939
401 -0.4374295555
774 -0.4308200199
3412 -0.4255382813
5266 -0.4229686591
10697 -0.4149610694
12894 -0.4145963662
45749 -0.4041017546
54464 -0.4006741380
100000 -0.4820336543
evaluations raw_y
1 -0.5446022502
2 -0.5131713945
3 -0.5003223762
5 -0.4998817733
7 -0.4884255857
9 -0.4872225209
13 -0.4320086076
831 -0.4233368416
4097 -0.4193956185
13010 -0.4193896394
17227 -0.4190893150
28016 -0.4180115007
32729 -0.4168462243
39499 -0.4089742322
100000 -0.4795251743
evaluations raw_y
1 -0.5076889966
4 -0.4971874434
5 -0.4949794830
6 -0.4947154501
17 -0.4829880729
18 -0.4769700734
27 -0.4628212334
53 -0.4326070670
3780 -0.4228776581
9139 -0.4199257476
29127 -0.4177483043
43227 -0.4131708036
81746 -0.4051770489
97992 -0.3966235745
100000 -0.4992593416
evaluations raw_y
1 -0.5379075972
2 -0.4997664193
5 -0.4694398767
9 -0.4491088651
90 -0.4475399845
122 -0.4451222734
394 -0.4368072764
562 -0.4307990765
1785 -0.4210267136
6542 -0.4118197460
20055 -0.4072758428
100000 -0.5253203033
evaluations raw_y
1 -0.4928963428
3 -0.4722572071
12 -0.4711338378
33 -0.4682650769
42 -0.4491825681
82 -0.4479444554
556 -0.4425713376
585 -0.4410032116
926 -0.4296927918
1264 -0.4213740237
10291 -0.4210529541
10427 -0.4176626380
14064 -0.4137611234
34746 -0.4129324908
42950 -0.4122457140
63164 -0.4011900047
100000 -0.5079209686
evaluations raw_y
1 -0.4943167813
3 -0.4898833941
5 -0.4896783009
9 -0.4819468160
14 -0.4714650410
21 -0.4566409538
29 -0.4401715711
1424 -0.4213954564
2068 -0.4165641178
23107 -0.4165126625
27406 -0.4136691651
28600 -0.4072667197
64869 -0.4044657455
100000 -0.4411257322
evaluations raw_y
1 -0.5207168521
3 -0.4893989071
5 -0.4820940868
21 -0.4680868116
28 -0.4429212590
169 -0.4350634913
266 -0.4302901824
1405 -0.4189494975
56617 -0.4181163001
64451 -0.4020961828
100000 -0.5208046094
evaluations raw_y
1 -0.5302479645
2 -0.5123158364
3 -0.4810730514
16 -0.4804119530
51 -0.4631890974
84 -0.4615615705
101 -0.4480685165
342 -0.4447207539
457 -0.4426573846
829 -0.4314774270
3452 -0.4196990191
11640 -0.4196288333
13051 -0.4155245204
42422 -0.4046838139
100000 -0.4711748913
evaluations raw_y
1 -0.5437615308
2 -0.4723006906
40 -0.4516963335
344 -0.4450520560
1060 -0.4333677774
1144 -0.4316465161
2472 -0.4283003098
3121 -0.4070381647
100000 -0.5163205311
evaluations raw_y
1 -0.5217717108
2 -0.5113436795
5 -0.4743085960
27 -0.4659821900
50 -0.4537553994
71 -0.4525489890
194 -0.4466972205
293 -0.4456335614
492 -0.4389405287
935 -0.4307101596
3873 -0.4207488150
23469 -0.4126633062
83309 -0.4115339383
99677 -0.4091372984
100000 -0.4855439107
evaluations raw_y
1 -0.5646358131
2 -0.5567735973
3 -0.5236406640
4 -0.5032902538
6 -0.4901714090
11 -0.4791809089
23 -0.4739711580
38 -0.4689904822
60 -0.4536038918
121 -0.4471006160
247 -0.4440343608
282 -0.4391227597
863 -0.4331401854
1839 -0.4305608992
3729 -0.4275117330
12911 -0.4259104168
15262 -0.4225069680
27847 -0.4162075863
31295 -0.4015913193
100000 -0.4965833474
evaluations raw_y
1 -0.5071525244
4 -0.4902358187
6 -0.4901073474
20 -0.4577514411
133 -0.4484137835
480 -0.4360697801
635 -0.4316523546
1018 -0.4316497254
1296 -0.4117924174
33584 -0.3983133189
45241 -0.3919877316
100000 -0.4728219660
evaluations raw_y
1 -0.4796113972
6 -0.4635781393
78 -0.4340040412
2963 -0.4333290715
3364 -0.4225744553
5322 -0.4162094472
12034 -0.4126095704
33313 -0.4075922170
100000 -0.5030419333
evaluations raw_y
1 -0.4910912170
3 -0.4603335635
12 -0.4517410574
71 -0.4479717981
317 -0.4244546665
576 -0.4186585259
3015 -0.4121973450
25717 -0.4057626506
100000 -0.5474142399
evaluations raw_y
1 -0.5249430247
2 -0.5169938860
4 -0.5064484316
5 -0.4935498558
7 -0.4905992860
10 -0.4699618071
89 -0.4663484872
134 -0.4652385834
136 -0.4410805888
279 -0.4274268466
13580 -0.4131364882
39333 -0.4107311016
67621 -0.4056123562
86213 -0.4039026135
100000 -0.4715748687
evaluations raw_y
1 -0.4994706793
4 -0.4922755981
7 -0.4870949712
13 -0.4695090670
25 -0.4598244666
81 -0.4486903358
158 -0.4183303431
24351 -0.4095687593
88722 -0.4094622726
100000 -0.5084323117
evaluations raw_y
1 -0.4997910427
2 -0.4728972942
6 -0.4510696392
128 -0.4408823738
368 -0.4376106492
647 -0.4362488905
1440 -0.4264454784
2054 -0.4241136988
6273 -0.4190457252
16265 -0.4109288081
60973 -0.4099138515
100000 -0.5048966975
evaluations raw_y
1 -0.5141003905
2 -0.4964061058
5 -0.4907226628
7 -0.4841735060
15 -0.4795032525
39 -0.4635678832
75 -0.4628752034
98 -0.4504402101
211 -0.4493470379
419 -0.4389900628
907 -0.4258017286
4561 -0.4186959981
26985 -0.4117281992
45800 -0.4010477229
100000 -0.4865399999
evaluations raw_y
1 -0.5538612745
2 -0.5108036262
3 -0.5021450441
5 -0.4929943103
8 -0.4921690529
10 -0.4604834005
18 -0.4500555364
23 -0.4468993242
319 -0.4409948410
406 -0.4372580436
643 -0.4296137409
4523 -0.4251903251
14180 -0.4178340258
63459 -0.4158788752
93360 -0.4158520898
100000 -0.5060354479
evaluations raw_y
1 -0.5441836875
2 -0.5125581904
4 -0.4901237448
16 -0.4856112998
37 -0.4838758770
44 -0.4718071711
71 -0.4695314377
95 -0.4237979633
12844 -0.4121955116
43858 -0.4118852948
45164 -0.4093989140
55050 -0.4087355886
93393 -0.3904715801
100000 -0.5018144671
evaluations raw_y
1 -0.5327246466
2 -0.5041198870
7 -0.4935668211
9 -0.4700771242
33 -0.4649837752
58 -0.4450211631
165 -0.4392897600
463 -0.4313983003
1174 -0.4179297196
17912 -0.4138910368
48134 -0.4060071947
69200 -0.4041909680
100000 -0.4945323171
evaluations raw_y
1 -0.5166343287
4 -0.5030335602
16 -0.4935564803
19 -0.4851410654
20 -0.4749940770
36 -0.4748201706
44 -0.4735228395
47 -0.4657208133
54 -0.4647088362
108 -0.4627395824
120 -0.4564481228
280 -0.4453503273
391 -0.4189914728
3530 -0.4149964216
15585 -0.4131646864
21611 -0.4108822244
27295 -0.4106973413
38679 -0.4095171610
58182 -0.3970052432
100000 -0.5432295337
evaluations raw_y
1 -0.4781281272
8 -0.4691425529
46 -0.4268672734
1515 -0.4266977203
6545 -0.4008506562
20540 -0.4007977901
100000 -0.5265148272
evaluations raw_y
1 -0.5378885269
2 -0.4895780366
10 -0.4802026454
12 -0.4512876645
234 -0.4500349364
251 -0.4448927268
282 -0.4415828597
636 -0.4285501422
8943 -0.4246717900
14259 -0.4208272700
18465 -0.4157122821
30103 -0.4075183091
100000 -0.5399658934
evaluations raw_y
1 -0.5028653597
4 -0.4752859472
12 -0.4672251907
13 -0.4577820659
104 -0.4383307028
699 -0.4301849241
4033 -0.4264180383
4251 -0.4262331998
11546 -0.4186194600
49042 -0.4178890927
56624 -0.4172280760
67838 -0.4122207316
72885 -0.4045092936
100000 -0.5127044302
evaluations raw_y
1 -0.5253739053
2 -0.5252929278
3 -0.4834825938
11 -0.4832430082
22 -0.4669617195
31 -0.4638334907
41 -0.4486357424
353 -0.4473209244
552 -0.4263389474
4406 -0.4080403950
63453 -0.4069740029
100000 -0.5366599800
evaluations raw_y
1 -0.4952029127
12 -0.4900522767
15 -0.4623611512
53 -0.4380852971
120 -0.4089594970
17083 -0.4029422725
100000 -0.5174805876
evaluations raw_y
1 -0.4585284067
24 -0.4522734103
60 -0.4479081332
94 -0.4384223785
2109 -0.4235250136
3451 -0.4196510742
10044 -0.4121945467
39686 -0.4110356330
66358 -0.4083500270
100000 -0.4920839169
evaluations raw_y
1 -0.5191540233
2 -0.5066136325
4 -0.4891506523
8 -0.4647436559
24 -0.4601141225
79 -0.4584241791
123 -0.4509197717
207 -0.4399698531
577 -0.4392301210
1475 -0.4194335463
12172 -0.4173991461
18859 -0.4048446293
24994 -0.4048203072
75370 -0.4024949427
100000 -0.4899547973
evaluations raw_y
1 -0.5360711228
2 -0.4959007486
9 -0.4769379758
22 -0.4572806753
85 -0.4563358660
168 -0.4369524759
654 -0.4343988500
1778 -0.4331389464
7004 -0.4270504147
8132 -0.4159637840
20316 -0.4133698375
30391 -0.4098466326
78441 -0.4012917981
100000 -0.5151632326
evaluations raw_y
1 -0.5549703037
2 -0.4945152470
3 -0.4713824301
7 -0.4554495309
10 -0.4510375498
32 -0.4481898402
37 -0.4471456555
44 -0.4359598420
836 -0.4324771633
1900 -0.4258071892
7347 -0.4186818960
11456 -0.4147525311
25576 -0.4126205165
59104 -0.4095398460
100000 -0.5189691117
evaluations raw_y
1 -0.4817886763
2 -0.4607938210
23 -0.4554683411
28 -0.4446425502
101 -0.4440630578
1241 -0.4319465205
1723 -0.4307200092
2702 -0.4268165284
3585 -0.4263737377
7415 -0.4220807687
12283 -0.4218703777
20118 -0.4212596783
37491 -0.4192285237
38694 -0.4117700186
100000 -0.5150282192
evaluations raw_y
1 -0.5269630720
3 -0.5201185639
4 -0.4967225184
7 -0.4923169598
20 -0.4751100339
21 -0.4590098056
24 -0.4506902526
187 -0.4442626618
432 -0.4387180552
1918 -0.4316866278
3671 -0.4252862123
5511 -0.4252093266
7477 -0.4195137824
11338 -0.4169312245
23041 -0.4147946268
34002 -0.4120718480
100000 -0.5443672448
evaluations raw_y
1 -0.5005376463
2 -0.4958245769
3 -0.4736114150
13 -0.4720461506
22 -0.4621649104
72 -0.4620345936
136 -0.4478931431
384 -0.4472634622
411 -0.4458675504
481 -0.4383139136
873 -0.4370050568
1210 -0.4255040742
2057 -0.4146848245
2304 -0.3958475943
100000 -0.5265921836
evaluations raw_y
1 -0.4814453892
18 -0.4707221449
47 -0.4680112009
80 -0.4431839615
537 -0.4425638057
1252 -0.4374762331
1375 -0.4166408907
6645 -0.3964797905
100000 -0.5244595894
evaluations raw_y
1 -0.5010530915
3 -0.4806048260
6 -0.4534563211
91 -0.4516844461
127 -0.4510640191
138 -0.4321862284
2547 -0.4237758541
11181 -0.4212411498
18809 -0.4129575205
31278 -0.4094940777
86953 -0.4016438892
100000 -0.4868521709
